-5.000000 -5.000000 0.008245 
-5.000000 -4.000000 0.007263 
-5.000000 -3.000000 0.006356 
-5.000000 -2.000000 0.006295 
-5.000000 -1.000000 0.007369 
-5.000000 0.000000 0.008855 
-5.000000 1.000000 0.007201 
-5.000000 2.000000 0.006105 
-5.000000 3.000000 0.006422 
-5.000000 4.000000 0.007247 
-5.000000 5.000000 0.008100 
-4.000000 -5.000000 0.007278 
-4.000000 -4.000000 0.007464 
-4.000000 -3.000000 0.006807 
-4.000000 -2.000000 0.006138 
-4.000000 -1.000000 0.007187 
-4.000000 0.000000 0.008797 
-4.000000 1.000000 0.007444 
-4.000000 2.000000 0.006554 
-4.000000 3.000000 0.007178 
-4.000000 4.000000 0.007736 
-4.000000 5.000000 0.007049 
-3.000000 -5.000000 0.006623 
-3.000000 -4.000000 0.007115 
-3.000000 -3.000000 0.007496 
-3.000000 -2.000000 0.006803 
-3.000000 -1.000000 0.007436 
-3.000000 0.000000 0.008910 
-3.000000 1.000000 0.007538 
-3.000000 2.000000 0.007125 
-3.000000 3.000000 0.007590 
-3.000000 4.000000 0.007108 
-3.000000 5.000000 0.006505 
-2.000000 -5.000000 0.006361 
-2.000000 -4.000000 0.006719 
-2.000000 -3.000000 0.007346 
-2.000000 -2.000000 0.007889 
-2.000000 -1.000000 0.008413 
-2.000000 0.000000 0.009108 
-2.000000 1.000000 0.008098 
-2.000000 2.000000 0.007420 
-2.000000 3.000000 0.007039 
-2.000000 4.000000 0.006322 
-2.000000 5.000000 0.006341 
-1.000000 -5.000000 0.006912 
-1.000000 -4.000000 0.007056 
-1.000000 -3.000000 0.007180 
-1.000000 -2.000000 0.007843 
-1.000000 -1.000000 0.009716 
-1.000000 0.000000 0.010269 
-1.000000 1.000000 0.009374 
-1.000000 2.000000 0.007651 
-1.000000 3.000000 0.007141 
-1.000000 4.000000 0.006883 
-1.000000 5.000000 0.006855 
0.000000 -5.000000 0.014663 
0.000000 -4.000000 0.014562 
0.000000 -3.000000 0.014655 
0.000000 -2.000000 0.015191 
0.000000 -1.000000 0.020947 
0.000000 0.000000 0.025113 
0.000000 1.000000 0.020130 
0.000000 2.000000 0.015530 
0.000000 3.000000 0.015110 
0.000000 4.000000 0.014898 
0.000000 5.000000 0.014656 
1.000000 -5.000000 0.006912 
1.000000 -4.000000 0.007056 
1.000000 -3.000000 0.007180 
1.000000 -2.000000 0.007843 
1.000000 -1.000000 0.009716 
1.000000 0.000000 0.010269 
1.000000 1.000000 0.009374 
1.000000 2.000000 0.007651 
1.000000 3.000000 0.007141 
1.000000 4.000000 0.006883 
1.000000 5.000000 0.006855 
2.000000 -5.000000 0.006361 
2.000000 -4.000000 0.006719 
2.000000 -3.000000 0.007346 
2.000000 -2.000000 0.007889 
2.000000 -1.000000 0.008413 
2.000000 0.000000 0.009108 
2.000000 1.000000 0.008098 
2.000000 2.000000 0.007420 
2.000000 3.000000 0.007039 
2.000000 4.000000 0.006322 
2.000000 5.000000 0.006341 
3.000000 -5.000000 0.006623 
3.000000 -4.000000 0.007115 
3.000000 -3.000000 0.007496 
3.000000 -2.000000 0.006803 
3.000000 -1.000000 0.007436 
3.000000 0.000000 0.008910 
3.000000 1.000000 0.007538 
3.000000 2.000000 0.007125 
3.000000 3.000000 0.007590 
3.000000 4.000000 0.007108 
3.000000 5.000000 0.006505 
4.000000 -5.000000 0.007278 
4.000000 -4.000000 0.007464 
4.000000 -3.000000 0.006807 
4.000000 -2.000000 0.006138 
4.000000 -1.000000 0.007187 
4.000000 0.000000 0.008797 
4.000000 1.000000 0.007444 
4.000000 2.000000 0.006554 
4.000000 3.000000 0.007178 
4.000000 4.000000 0.007736 
4.000000 5.000000 0.007049 
5.000000 -5.000000 0.008245 
5.000000 -4.000000 0.007263 
5.000000 -3.000000 0.006356 
5.000000 -2.000000 0.006295 
5.000000 -1.000000 0.007369 
5.000000 0.000000 0.008855 
5.000000 1.000000 0.007201 
5.000000 2.000000 0.006105 
5.000000 3.000000 0.006422 
5.000000 4.000000 0.007247 
5.000000 5.000000 0.008100 
