0.000000 0.000000 
1.000000 1.000000 
2.000000 1.500000 
3.000000 1.548795 
4.000000 1.673795 
5.000000 1.965734 
6.000000 2.263343 
7.000000 2.378734 
8.000000 2.440969 
9.000000 2.530533 
10.000000 2.667146 
11.000000 2.800239 
12.000000 2.903762 
13.000000 2.956410 
14.000000 2.982694 
15.000000 2.794149 
16.000000 2.786385 
17.000000 2.814542 
18.000000 2.794983 
19.000000 2.834655 
20.000000 2.685914 
21.000000 2.637650 
22.000000 2.782103 
23.000000 3.023497 
24.000000 3.051659 
25.000000 2.953920 
26.000000 3.001270 
27.000000 2.970995 
28.000000 2.960956 
29.000000 2.948266 
30.000000 2.933291 
31.000000 2.792933 
32.000000 2.708486 
33.000000 2.704224 
34.000000 2.714574 
35.000000 2.937106 
36.000000 2.953257 
37.000000 3.057950 
38.000000 2.886724 
39.000000 2.502028 
40.000000 2.605785 
41.000000 2.887729 
42.000000 2.937805 
43.000000 2.934781 
44.000000 2.990495 
45.000000 3.048495 
46.000000 3.090826 
47.000000 3.054654 
48.000000 3.221895 
49.000000 3.197588 
50.000000 2.919851 
51.000000 3.026702 
52.000000 3.067857 
53.000000 2.824962 
54.000000 2.783494 
55.000000 2.983214 
56.000000 3.170471 
57.000000 3.180330 
58.000000 3.034207 
59.000000 2.848852 
60.000000 2.907416 
61.000000 2.850100 
62.000000 2.630199 
63.000000 2.371166 
64.000000 2.327618 
65.000000 2.668080 
66.000000 2.807925 
67.000000 2.808086 
68.000000 2.834292 
69.000000 2.794531 
70.000000 2.805301 
71.000000 2.776708 
72.000000 2.816569 
73.000000 3.118424 
74.000000 3.127946 
75.000000 2.957163 
76.000000 3.215961 
77.000000 3.110339 
78.000000 2.977744 
79.000000 3.097442 
80.000000 3.113659 
81.000000 2.996455 
82.000000 2.846819 
83.000000 3.009731 
84.000000 2.889368 
85.000000 2.809679 
86.000000 2.924961 
87.000000 2.951820 
88.000000 3.099985 
89.000000 2.892079 
90.000000 2.708236 
91.000000 3.093300 
92.000000 3.035402 
93.000000 2.470622 
94.000000 2.523361 
95.000000 2.806950 
96.000000 2.723176 
97.000000 2.208283 
98.000000 1.989244 
99.000000 2.432833 
100.000000 2.873795 
101.000000 2.961956 
102.000000 2.848688 
103.000000 2.735309 
104.000000 2.812442 
105.000000 2.882608 
106.000000 2.992716 
107.000000 2.901735 
108.000000 2.876577 
109.000000 3.052944 
110.000000 3.004338 
111.000000 2.814210 
112.000000 2.839005 
113.000000 2.863502 
114.000000 2.442662 
115.000000 2.331164 
116.000000 3.017975 
117.000000 3.113195 
118.000000 2.634979 
119.000000 2.764082 
120.000000 3.158872 
121.000000 3.089068 
122.000000 3.056022 
123.000000 3.110976 
124.000000 3.009029 
125.000000 2.950398 
126.000000 3.099136 
127.000000 3.338511 
128.000000 3.232225 
129.000000 2.969114 
130.000000 2.674478 
131.000000 2.584223 
132.000000 2.643345 
133.000000 2.425071 
134.000000 2.253395 
135.000000 2.635603 
136.000000 2.956549 
137.000000 2.921493 
138.000000 2.997404 
139.000000 3.080391 
140.000000 3.124339 
141.000000 3.023919 
142.000000 2.898242 
143.000000 2.925551 
144.000000 2.965530 
145.000000 2.966108 
146.000000 2.862270 
147.000000 2.804994 
148.000000 2.757167 
149.000000 2.736476 
150.000000 3.091127 
151.000000 3.134491 
152.000000 3.070816 
153.000000 3.061968 
154.000000 2.862620 
155.000000 3.038109 
156.000000 3.052314 
157.000000 2.555100 
158.000000 2.314705 
159.000000 2.824720 
160.000000 3.174672 
161.000000 2.936949 
162.000000 2.930767 
163.000000 3.136836 
164.000000 3.039574 
165.000000 2.992974 
166.000000 3.208143 
167.000000 3.179864 
168.000000 3.079637 
169.000000 3.089316 
170.000000 3.109247 
171.000000 3.151429 
172.000000 2.968234 
173.000000 2.849295 
174.000000 3.068555 
175.000000 3.078741 
176.000000 2.800582 
177.000000 2.638363 
178.000000 2.412410 
179.000000 2.544655 
180.000000 2.649479 
181.000000 2.707991 
182.000000 2.875482 
183.000000 2.858420 
184.000000 2.897965 
185.000000 2.755847 
186.000000 2.659243 
187.000000 2.696862 
188.000000 2.839080 
189.000000 2.962202 
190.000000 2.887826 
191.000000 2.861041 
192.000000 2.839977 
193.000000 2.783619 
194.000000 2.789474 
195.000000 2.644645 
196.000000 2.256310 
197.000000 2.141422 
198.000000 2.318237 
199.000000 2.558391 
200.000000 2.517358 
201.000000 2.180100 
202.000000 2.182396 
203.000000 2.533991 
204.000000 2.662441 
205.000000 2.495367 
206.000000 2.639383 
207.000000 2.723981 
208.000000 2.431537 
209.000000 2.418180 
210.000000 2.521154 
211.000000 2.391169 
212.000000 2.000055 
213.000000 2.003567 
214.000000 2.439244 
215.000000 2.660655 
216.000000 2.564433 
217.000000 2.400384 
218.000000 2.450543 
219.000000 2.835291 
220.000000 3.008348 
221.000000 2.912240 
222.000000 2.894743 
223.000000 2.870493 
224.000000 2.817887 
225.000000 2.908374 
226.000000 2.984667 
227.000000 2.934401 
228.000000 2.926175 
229.000000 2.805831 
230.000000 2.702006 
231.000000 2.767825 
232.000000 2.845747 
233.000000 2.800123 
234.000000 2.874369 
235.000000 3.158103 
236.000000 3.162339 
237.000000 3.149875 
238.000000 3.208284 
239.000000 2.859532 
240.000000 2.635068 
241.000000 2.791783 
242.000000 2.731437 
243.000000 2.623542 
244.000000 2.751564 
245.000000 2.922086 
246.000000 3.132875 
247.000000 3.194106 
248.000000 3.080666 
249.000000 2.886491 
250.000000 2.796196 
251.000000 2.858360 
252.000000 2.799894 
253.000000 3.004274 
254.000000 3.019460 
255.000000 2.706728 
256.000000 2.808070 
257.000000 2.962499 
258.000000 2.811337 
259.000000 2.885257 
260.000000 3.052166 
261.000000 3.083720 
262.000000 3.016494 
263.000000 2.751628 
264.000000 2.485823 
265.000000 2.305252 
266.000000 2.457727 
267.000000 2.858954 
268.000000 2.967038 
269.000000 2.978979 
270.000000 3.122094 
271.000000 3.017532 
272.000000 2.953846 
273.000000 3.103100 
274.000000 3.134366 
275.000000 3.049147 
276.000000 2.797896 
277.000000 2.706562 
278.000000 2.801520 
279.000000 2.636704 
280.000000 2.606201 
281.000000 2.818393 
282.000000 2.994869 
283.000000 2.846601 
284.000000 2.726895 
285.000000 2.971649 
286.000000 3.148926 
287.000000 3.114224 
288.000000 3.105389 
289.000000 3.162286 
290.000000 2.944220 
291.000000 2.838758 
292.000000 3.001706 
293.000000 3.195852 
294.000000 3.184868 
295.000000 2.768150 
296.000000 2.754922 
297.000000 3.059481 
298.000000 2.984754 
299.000000 2.638722 
300.000000 2.428223 
301.000000 2.697214 
302.000000 3.025535 
303.000000 3.092518 
304.000000 3.149150 
305.000000 3.150564 
306.000000 3.060526 
307.000000 2.863203 
308.000000 2.725804 
309.000000 2.960187 
310.000000 3.169322 
311.000000 2.970213 
312.000000 2.949828 
313.000000 3.157471 
314.000000 3.078146 
315.000000 2.850135 
316.000000 2.815850 
317.000000 3.114500 
318.000000 3.133961 
319.000000 2.741726 
320.000000 2.736034 
321.000000 2.894390 
322.000000 2.816472 
323.000000 2.626642 
324.000000 2.752618 
325.000000 2.659191 
326.000000 2.404147 
327.000000 2.076907 
328.000000 2.106150 
329.000000 2.586136 
330.000000 2.635516 
331.000000 2.599276 
332.000000 2.665972 
333.000000 2.747594 
334.000000 2.958839 
335.000000 3.042159 
336.000000 2.923600 
337.000000 2.958983 
338.000000 2.958029 
339.000000 2.896044 
340.000000 2.932151 
341.000000 3.154631 
342.000000 3.123199 
343.000000 2.897101 
344.000000 2.992948 
345.000000 3.087389 
346.000000 3.162965 
347.000000 3.002140 
348.000000 2.481034 
349.000000 2.523600 
350.000000 3.052311 
351.000000 3.191172 
352.000000 3.118135 
353.000000 3.198269 
354.000000 3.010789 
355.000000 2.637592 
356.000000 2.660343 
357.000000 3.094897 
358.000000 3.109831 
359.000000 2.610932 
360.000000 2.552687 
361.000000 2.766470 
362.000000 2.965402 
363.000000 3.182969 
364.000000 3.131240 
365.000000 3.155100 
366.000000 3.117395 
367.000000 2.882486 
368.000000 3.125346 
369.000000 3.145071 
370.000000 2.672570 
371.000000 2.741887 
372.000000 2.986961 
373.000000 2.807800 
374.000000 2.726175 
375.000000 2.911014 
376.000000 2.922763 
377.000000 2.639319 
378.000000 2.438710 
379.000000 2.560136 
380.000000 2.854546 
381.000000 3.101469 
382.000000 3.030359 
383.000000 2.916469 
384.000000 3.021746 
385.000000 3.096743 
386.000000 3.136555 
387.000000 3.180479 
388.000000 2.986619 
389.000000 2.484998 
390.000000 2.328258 
391.000000 2.583515 
392.000000 2.725685 
393.000000 2.816225 
394.000000 2.911623 
395.000000 2.921437 
396.000000 3.064585 
397.000000 3.063618 
398.000000 2.654697 
399.000000 2.548905 
400.000000 2.808958 
401.000000 3.062173 
402.000000 2.952474 
403.000000 2.783351 
404.000000 2.849404 
405.000000 2.701692 
406.000000 2.696753 
407.000000 3.005899 
408.000000 3.091344 
409.000000 2.900337 
410.000000 2.730568 
411.000000 2.784412 
412.000000 2.582271 
413.000000 2.302493 
414.000000 2.322538 
415.000000 2.488692 
416.000000 2.904962 
417.000000 2.984888 
418.000000 2.940441 
419.000000 3.114159 
420.000000 3.181382 
421.000000 3.188464 
422.000000 3.080806 
423.000000 2.819894 
424.000000 2.807290 
425.000000 2.900528 
426.000000 2.734407 
427.000000 2.905374 
428.000000 3.159388 
429.000000 3.202949 
430.000000 3.036089 
431.000000 2.876460 
432.000000 3.099463 
433.000000 3.121040 
434.000000 3.116342 
435.000000 3.192435 
436.000000 3.155502 
437.000000 3.031525 
438.000000 2.913035 
439.000000 2.984649 
440.000000 2.959103 
441.000000 2.783130 
442.000000 2.474001 
443.000000 2.495199 
444.000000 2.728188 
445.000000 2.598039 
446.000000 2.333941 
447.000000 2.578238 
448.000000 3.003748 
449.000000 2.898307 
450.000000 2.762957 
451.000000 2.929658 
452.000000 2.875446 
453.000000 2.716367 
454.000000 2.620000 
455.000000 2.748864 
456.000000 2.573742 
457.000000 2.175586 
458.000000 2.156542 
459.000000 2.401044 
460.000000 2.431920 
461.000000 2.471663 
462.000000 2.652991 
463.000000 2.866692 
464.000000 2.936749 
465.000000 3.006045 
466.000000 2.999090 
467.000000 2.737390 
468.000000 2.663211 
469.000000 3.022915 
470.000000 3.027472 
471.000000 2.828904 
472.000000 2.945693 
473.000000 3.080614 
474.000000 3.105232 
475.000000 2.997331 
476.000000 2.576236 
477.000000 2.320205 
478.000000 2.532796 
479.000000 2.855061 
480.000000 3.029695 
481.000000 3.037017 
482.000000 2.879825 
483.000000 2.714494 
484.000000 3.000998 
485.000000 3.040450 
486.000000 2.949718 
487.000000 3.198782 
488.000000 3.186740 
489.000000 2.894652 
490.000000 3.087903 
491.000000 3.284954 
492.000000 2.895340 
493.000000 2.804217 
494.000000 3.123520 
495.000000 3.183903 
496.000000 2.958983 
497.000000 2.559136 
498.000000 2.376007 
499.000000 2.759395 
500.000000 2.951348 
