0.000000 0.000000 
1.000000 2.000000 
2.000000 3.000000 
3.000000 3.097590 
4.000000 3.347590 
5.000000 3.931468 
6.000000 4.526685 
7.000000 4.757467 
8.000000 4.881939 
9.000000 5.061066 
10.000000 5.334293 
11.000000 5.600887 
12.000000 5.808859 
13.000000 5.932507 
14.000000 5.975405 
15.000000 5.730657 
16.000000 5.653067 
17.000000 5.538105 
18.000000 5.569980 
19.000000 5.797233 
20.000000 5.778584 
21.000000 5.754570 
22.000000 5.968696 
23.000000 6.036583 
24.000000 6.092945 
25.000000 6.168337 
26.000000 6.227563 
27.000000 6.174677 
28.000000 6.229247 
29.000000 6.327656 
30.000000 6.360111 
31.000000 6.272932 
32.000000 6.076355 
33.000000 6.097532 
34.000000 5.952907 
35.000000 6.151732 
36.000000 6.260259 
37.000000 6.262423 
38.000000 6.291096 
39.000000 6.202330 
40.000000 6.013767 
41.000000 6.226118 
42.000000 6.457469 
43.000000 6.400791 
44.000000 6.384352 
45.000000 6.360434 
46.000000 6.375092 
47.000000 6.229879 
48.000000 6.193902 
49.000000 5.981894 
50.000000 5.955497 
51.000000 6.170042 
52.000000 6.294414 
53.000000 6.166213 
54.000000 6.278971 
55.000000 6.428227 
56.000000 6.496237 
57.000000 6.491025 
58.000000 6.492050 
59.000000 6.411084 
60.000000 6.424637 
61.000000 6.366282 
62.000000 6.183399 
63.000000 6.106068 
64.000000 5.930846 
65.000000 6.147045 
66.000000 6.152868 
67.000000 6.309736 
68.000000 6.510583 
69.000000 6.364188 
70.000000 6.352968 
71.000000 6.388825 
72.000000 6.470609 
73.000000 6.637282 
74.000000 6.653729 
75.000000 6.574530 
76.000000 6.550769 
77.000000 6.472918 
78.000000 6.286416 
79.000000 6.299181 
80.000000 6.090475 
81.000000 6.062209 
82.000000 6.211757 
83.000000 6.162743 
84.000000 6.100813 
85.000000 6.281765 
86.000000 6.393659 
87.000000 6.289616 
88.000000 6.472407 
89.000000 6.463679 
90.000000 6.214439 
91.000000 6.226620 
92.000000 6.227750 
93.000000 6.161242 
94.000000 5.976711 
95.000000 6.151038 
96.000000 6.290256 
97.000000 6.113505 
98.000000 5.904794 
99.000000 6.078194 
100.000000 6.487811 
101.000000 6.611188 
102.000000 6.516792 
103.000000 6.196854 
104.000000 6.272992 
105.000000 6.429483 
106.000000 6.439646 
107.000000 6.429350 
108.000000 6.469302 
109.000000 6.457181 
110.000000 6.512484 
111.000000 6.465375 
112.000000 6.307625 
113.000000 6.450242 
114.000000 6.213582 
115.000000 5.945156 
116.000000 6.248283 
117.000000 6.343674 
118.000000 6.203062 
119.000000 6.294797 
120.000000 6.510854 
121.000000 6.631571 
122.000000 6.533630 
123.000000 6.495056 
124.000000 6.442457 
125.000000 6.238235 
126.000000 6.197108 
127.000000 6.199991 
128.000000 6.098822 
129.000000 6.230138 
130.000000 6.452850 
131.000000 6.272291 
132.000000 6.134557 
133.000000 5.771343 
134.000000 5.641127 
135.000000 5.906183 
136.000000 6.192501 
137.000000 6.420365 
138.000000 6.544853 
139.000000 6.544056 
140.000000 6.516879 
141.000000 6.500683 
142.000000 6.505400 
143.000000 6.251988 
144.000000 5.960866 
145.000000 6.111037 
146.000000 6.348580 
147.000000 6.495354 
148.000000 6.471772 
149.000000 6.244879 
150.000000 6.423453 
151.000000 6.465073 
152.000000 6.499293 
153.000000 6.360294 
154.000000 6.225898 
155.000000 6.219770 
156.000000 6.106586 
157.000000 5.995808 
158.000000 5.854970 
159.000000 6.027610 
160.000000 6.087977 
161.000000 6.041710 
162.000000 6.054475 
163.000000 6.254855 
164.000000 6.223537 
165.000000 6.066383 
166.000000 6.325079 
167.000000 6.320485 
168.000000 6.262930 
169.000000 6.423531 
170.000000 6.566571 
171.000000 6.415344 
172.000000 6.350845 
173.000000 6.263324 
174.000000 6.480157 
175.000000 6.646778 
176.000000 6.655749 
177.000000 6.573663 
178.000000 6.306652 
179.000000 6.243136 
180.000000 6.393073 
181.000000 6.395991 
182.000000 6.419630 
183.000000 6.454364 
184.000000 6.478136 
185.000000 6.383727 
186.000000 6.245105 
187.000000 6.375828 
188.000000 6.414932 
189.000000 6.540021 
190.000000 6.517063 
191.000000 6.404517 
192.000000 6.544463 
193.000000 6.430924 
194.000000 6.148498 
195.000000 5.900965 
196.000000 5.766406 
197.000000 6.010864 
198.000000 6.100624 
199.000000 6.115877 
200.000000 6.262143 
201.000000 6.088351 
202.000000 5.897797 
203.000000 6.197475 
204.000000 6.337260 
205.000000 6.025540 
206.000000 6.024794 
207.000000 6.058481 
208.000000 5.843070 
209.000000 5.629332 
210.000000 6.024977 
211.000000 6.043946 
212.000000 5.885133 
213.000000 5.907844 
214.000000 6.178162 
215.000000 6.465617 
216.000000 6.357379 
217.000000 6.201947 
218.000000 6.018450 
219.000000 6.121138 
220.000000 6.451245 
221.000000 6.572941 
222.000000 6.597948 
223.000000 6.539236 
224.000000 6.317908 
225.000000 6.155296 
226.000000 6.443814 
227.000000 6.539671 
228.000000 6.322952 
229.000000 6.309399 
230.000000 6.405959 
231.000000 6.268036 
232.000000 5.976236 
233.000000 6.188093 
234.000000 6.476969 
235.000000 6.556963 
236.000000 6.382196 
237.000000 6.305690 
238.000000 6.468999 
239.000000 6.488148 
240.000000 6.442809 
241.000000 6.307719 
242.000000 6.245162 
243.000000 6.423108 
244.000000 6.435804 
245.000000 6.542876 
246.000000 6.561163 
247.000000 6.618297 
248.000000 6.670204 
249.000000 6.577800 
250.000000 6.576866 
251.000000 6.592550 
252.000000 6.433922 
253.000000 6.586454 
254.000000 6.708376 
255.000000 6.632394 
256.000000 6.558814 
257.000000 6.627499 
258.000000 6.506270 
259.000000 6.179687 
260.000000 6.418819 
261.000000 6.427243 
262.000000 6.249238 
263.000000 5.990256 
264.000000 5.830420 
265.000000 5.908194 
266.000000 5.777629 
267.000000 5.852942 
268.000000 6.033411 
269.000000 6.331782 
270.000000 6.447520 
271.000000 6.205440 
272.000000 6.022672 
273.000000 6.095337 
274.000000 6.272317 
275.000000 6.288996 
276.000000 6.074614 
277.000000 6.035911 
278.000000 6.114027 
279.000000 6.245373 
280.000000 5.993812 
281.000000 5.904839 
282.000000 5.829664 
283.000000 5.978690 
284.000000 6.140348 
285.000000 6.257076 
286.000000 6.268860 
287.000000 6.289596 
288.000000 6.458365 
289.000000 6.337180 
290.000000 6.327379 
291.000000 6.152856 
292.000000 5.947278 
293.000000 6.212923 
294.000000 6.383092 
295.000000 6.320445 
296.000000 6.132567 
297.000000 6.387891 
298.000000 6.469795 
299.000000 6.244514 
300.000000 5.949714 
301.000000 6.145086 
302.000000 6.302528 
303.000000 6.481067 
304.000000 6.565336 
305.000000 6.444829 
306.000000 6.465900 
307.000000 6.553919 
308.000000 6.606239 
309.000000 6.554633 
310.000000 6.625183 
311.000000 6.584941 
312.000000 6.414432 
313.000000 6.468598 
314.000000 6.385686 
315.000000 6.426022 
316.000000 6.374936 
317.000000 6.395406 
318.000000 6.256119 
319.000000 5.993402 
320.000000 5.801923 
321.000000 5.884067 
322.000000 5.920037 
323.000000 5.873187 
324.000000 5.995384 
325.000000 6.188375 
326.000000 6.175060 
327.000000 5.855795 
328.000000 5.625208 
329.000000 5.708688 
330.000000 5.574452 
331.000000 5.383702 
332.000000 5.627920 
333.000000 5.797215 
334.000000 6.153677 
335.000000 6.381272 
336.000000 6.540240 
337.000000 6.569148 
338.000000 6.528552 
339.000000 6.367809 
340.000000 6.369862 
341.000000 6.499664 
342.000000 6.440713 
343.000000 6.394660 
344.000000 6.243565 
345.000000 6.274355 
346.000000 6.143608 
347.000000 6.217795 
348.000000 6.020969 
349.000000 5.955042 
350.000000 6.138361 
351.000000 6.316178 
352.000000 6.298465 
353.000000 6.439499 
354.000000 6.677440 
355.000000 6.443281 
356.000000 6.161836 
357.000000 6.411397 
358.000000 6.640815 
359.000000 6.462915 
360.000000 6.102775 
361.000000 6.096564 
362.000000 6.295146 
363.000000 6.576860 
364.000000 6.587146 
365.000000 6.363810 
366.000000 6.408196 
367.000000 6.456407 
368.000000 6.517226 
369.000000 6.543764 
370.000000 6.317315 
371.000000 6.335496 
372.000000 6.378785 
373.000000 6.360134 
374.000000 6.393622 
375.000000 6.572698 
376.000000 6.584252 
377.000000 6.283141 
378.000000 5.951226 
379.000000 6.124588 
380.000000 6.255027 
381.000000 6.424214 
382.000000 6.517033 
383.000000 6.186544 
384.000000 6.003184 
385.000000 6.082006 
386.000000 6.360305 
387.000000 6.397772 
388.000000 6.215589 
389.000000 5.838262 
390.000000 5.770336 
391.000000 5.845218 
392.000000 5.912517 
393.000000 6.118571 
394.000000 6.364708 
395.000000 6.398291 
396.000000 6.542058 
397.000000 6.577544 
398.000000 6.504674 
399.000000 6.247439 
400.000000 6.265965 
401.000000 6.454706 
402.000000 6.451108 
403.000000 6.287167 
404.000000 6.107125 
405.000000 6.054431 
406.000000 5.894830 
407.000000 5.971958 
408.000000 6.231087 
409.000000 6.029708 
410.000000 5.707282 
411.000000 5.484350 
412.000000 5.652552 
413.000000 5.902025 
414.000000 6.087324 
415.000000 6.265472 
416.000000 6.501028 
417.000000 6.537489 
418.000000 6.455762 
419.000000 6.622255 
420.000000 6.699180 
421.000000 6.556442 
422.000000 6.316949 
423.000000 6.177325 
424.000000 6.122483 
425.000000 6.029497 
426.000000 5.414131 
427.000000 5.004449 
428.000000 5.554615 
429.000000 6.065544 
430.000000 6.185788 
431.000000 6.044540 
432.000000 6.188840 
433.000000 6.373768 
434.000000 6.461650 
435.000000 6.478703 
436.000000 6.487648 
437.000000 6.158719 
438.000000 5.915968 
439.000000 6.172715 
440.000000 6.350913 
441.000000 6.336490 
442.000000 6.280777 
443.000000 6.221430 
444.000000 6.328313 
445.000000 6.226496 
446.000000 6.167446 
447.000000 6.185875 
448.000000 6.384388 
449.000000 6.357023 
450.000000 6.222603 
451.000000 6.311099 
452.000000 6.453200 
453.000000 6.394484 
454.000000 6.296718 
455.000000 6.276911 
456.000000 6.245817 
457.000000 6.192718 
458.000000 6.068568 
459.000000 6.131953 
460.000000 6.329172 
461.000000 6.294275 
462.000000 6.488907 
463.000000 6.467992 
464.000000 6.329741 
465.000000 6.447041 
466.000000 6.510632 
467.000000 6.228850 
468.000000 5.968964 
469.000000 6.213949 
470.000000 6.323910 
471.000000 6.241339 
472.000000 6.086037 
473.000000 6.214415 
474.000000 6.182438 
475.000000 5.840970 
476.000000 5.493266 
477.000000 5.231522 
478.000000 5.657614 
479.000000 6.058123 
480.000000 6.219512 
481.000000 6.289572 
482.000000 6.235474 
483.000000 6.175598 
484.000000 6.226747 
485.000000 6.246006 
486.000000 6.316873 
487.000000 6.477413 
488.000000 6.521518 
489.000000 6.465950 
490.000000 6.411333 
491.000000 6.358149 
492.000000 6.367201 
493.000000 6.449140 
494.000000 6.554253 
495.000000 6.489686 
496.000000 6.379099 
497.000000 6.261789 
498.000000 6.012172 
499.000000 6.157493 
500.000000 6.094525 
