0.000000 0.000000 
1.000000 1.500000 
2.000000 2.030639 
3.000000 2.176960 
4.000000 2.358636 
5.000000 2.723286 
6.000000 3.029690 
7.000000 3.130966 
8.000000 3.152839 
9.000000 3.172143 
10.000000 3.272129 
11.000000 3.340946 
12.000000 3.355967 
13.000000 3.356595 
14.000000 3.318926 
15.000000 3.294142 
16.000000 3.323890 
17.000000 3.234764 
18.000000 3.280970 
19.000000 3.315094 
20.000000 3.334162 
21.000000 3.344398 
22.000000 3.367803 
23.000000 3.371422 
24.000000 3.361151 
25.000000 3.362339 
26.000000 3.411314 
27.000000 3.426147 
28.000000 3.391489 
29.000000 3.375432 
30.000000 3.381690 
31.000000 3.373500 
32.000000 3.376954 
33.000000 3.376653 
34.000000 3.365658 
35.000000 3.360301 
36.000000 3.403403 
37.000000 3.398602 
38.000000 3.402556 
39.000000 3.384733 
40.000000 3.334750 
41.000000 3.354061 
42.000000 3.434795 
43.000000 3.421422 
44.000000 3.435703 
45.000000 3.409188 
46.000000 3.407243 
47.000000 3.366597 
48.000000 3.340277 
49.000000 3.323392 
50.000000 3.341177 
51.000000 3.392883 
52.000000 3.424582 
53.000000 3.390068 
54.000000 3.408624 
55.000000 3.446267 
56.000000 3.445487 
57.000000 3.424049 
58.000000 3.433775 
59.000000 3.434162 
60.000000 3.386031 
61.000000 3.415812 
62.000000 3.386252 
63.000000 3.337815 
64.000000 3.315467 
65.000000 3.375862 
66.000000 3.400623 
67.000000 3.380325 
68.000000 3.424165 
69.000000 3.406487 
70.000000 3.429274 
71.000000 3.417574 
72.000000 3.415202 
73.000000 3.414212 
74.000000 3.447613 
75.000000 3.432553 
76.000000 3.414733 
77.000000 3.413328 
78.000000 3.381826 
79.000000 3.390067 
80.000000 3.331904 
81.000000 3.340153 
82.000000 3.355298 
83.000000 3.400903 
84.000000 3.408588 
85.000000 3.420844 
86.000000 3.409615 
87.000000 3.411887 
88.000000 3.443930 
89.000000 3.443565 
90.000000 3.423544 
91.000000 3.370168 
92.000000 3.425726 
93.000000 3.349967 
94.000000 3.350494 
95.000000 3.327495 
96.000000 3.417583 
97.000000 3.379842 
98.000000 3.371797 
99.000000 3.304717 
100.000000 3.367374 
101.000000 3.430620 
102.000000 3.430079 
103.000000 3.434059 
104.000000 3.368184 
105.000000 3.437944 
106.000000 3.442603 
107.000000 3.390647 
108.000000 3.433952 
109.000000 3.410611 
110.000000 3.435428 
111.000000 3.430876 
112.000000 3.430366 
113.000000 3.439862 
114.000000 3.392636 
115.000000 3.341254 
116.000000 3.349983 
117.000000 3.387371 
118.000000 3.352708 
119.000000 3.390617 
120.000000 3.383638 
121.000000 3.420231 
122.000000 3.416225 
123.000000 3.433867 
124.000000 3.400601 
125.000000 3.426864 
126.000000 3.365585 
127.000000 3.367346 
128.000000 3.334098 
129.000000 3.356252 
130.000000 3.408349 
131.000000 3.393381 
132.000000 3.409006 
133.000000 3.336929 
134.000000 3.250719 
135.000000 3.343608 
136.000000 3.381545 
137.000000 3.416405 
138.000000 3.437053 
139.000000 3.439603 
140.000000 3.433993 
141.000000 3.391043 
142.000000 3.426266 
143.000000 3.359386 
144.000000 3.373193 
145.000000 3.360920 
146.000000 3.413689 
147.000000 3.420585 
148.000000 3.412347 
149.000000 3.420362 
150.000000 3.435132 
151.000000 3.431945 
152.000000 3.421595 
153.000000 3.394365 
154.000000 3.431188 
155.000000 3.423230 
156.000000 3.375644 
157.000000 3.250480 
158.000000 3.383846 
159.000000 3.408930 
160.000000 3.389085 
161.000000 3.293174 
162.000000 3.377797 
163.000000 3.370312 
164.000000 3.391201 
165.000000 3.362775 
166.000000 3.385441 
167.000000 3.364429 
168.000000 3.397033 
169.000000 3.434684 
170.000000 3.446075 
171.000000 3.448350 
172.000000 3.412397 
173.000000 3.429475 
174.000000 3.433309 
175.000000 3.429277 
176.000000 3.426017 
177.000000 3.436355 
178.000000 3.418626 
179.000000 3.346258 
180.000000 3.376846 
181.000000 3.421733 
182.000000 3.414611 
183.000000 3.414118 
184.000000 3.424140 
185.000000 3.426894 
186.000000 3.417226 
187.000000 3.423914 
188.000000 3.409740 
189.000000 3.425023 
190.000000 3.424735 
191.000000 3.411420 
192.000000 3.422554 
193.000000 3.436394 
194.000000 3.438268 
195.000000 3.410704 
196.000000 3.272220 
197.000000 3.358777 
198.000000 3.326625 
199.000000 3.306108 
200.000000 3.403781 
201.000000 3.368620 
202.000000 3.346633 
203.000000 3.317106 
204.000000 3.413355 
205.000000 3.377423 
206.000000 3.333991 
207.000000 3.295198 
208.000000 3.210522 
209.000000 3.313368 
210.000000 3.360504 
211.000000 3.423987 
212.000000 3.343268 
213.000000 3.310725 
214.000000 3.299463 
215.000000 3.426835 
216.000000 3.340884 
217.000000 3.318652 
218.000000 3.351679 
219.000000 3.292660 
220.000000 3.416870 
221.000000 3.417864 
222.000000 3.435007 
223.000000 3.428813 
224.000000 3.421785 
225.000000 3.372031 
226.000000 3.414431 
227.000000 3.416611 
228.000000 3.371388 
229.000000 3.413090 
230.000000 3.404170 
231.000000 3.380814 
232.000000 3.383805 
233.000000 3.393496 
234.000000 3.439545 
235.000000 3.436827 
236.000000 3.419375 
237.000000 3.403174 
238.000000 3.422113 
239.000000 3.436539 
240.000000 3.425729 
241.000000 3.371161 
242.000000 3.392023 
243.000000 3.389432 
244.000000 3.408174 
245.000000 3.426436 
246.000000 3.395113 
247.000000 3.448849 
248.000000 3.429622 
249.000000 3.448643 
250.000000 3.438463 
251.000000 3.441083 
252.000000 3.446619 
253.000000 3.438018 
254.000000 3.435544 
255.000000 3.421709 
256.000000 3.418738 
257.000000 3.412748 
258.000000 3.415460 
259.000000 3.354691 
260.000000 3.384206 
261.000000 3.413988 
262.000000 3.369898 
263.000000 3.336101 
264.000000 3.397087 
265.000000 3.374633 
266.000000 3.318396 
267.000000 3.380057 
268.000000 3.349764 
269.000000 3.430008 
270.000000 3.405544 
271.000000 3.415066 
272.000000 3.392587 
273.000000 3.356139 
274.000000 3.366348 
275.000000 3.402405 
276.000000 3.414779 
277.000000 3.409999 
278.000000 3.425953 
279.000000 3.386307 
280.000000 3.403826 
281.000000 3.398646 
282.000000 3.212798 
283.000000 3.339907 
284.000000 3.388717 
285.000000 3.408372 
286.000000 3.419031 
287.000000 3.423315 
288.000000 3.422050 
289.000000 3.444960 
290.000000 3.444807 
291.000000 3.449148 
292.000000 3.348145 
293.000000 3.371763 
294.000000 3.402612 
295.000000 3.371831 
296.000000 3.374740 
297.000000 3.371701 
298.000000 3.430905 
299.000000 3.388426 
300.000000 3.414866 
301.000000 3.359044 
302.000000 3.349894 
303.000000 3.418764 
304.000000 3.426249 
305.000000 3.439792 
306.000000 3.412041 
307.000000 3.389704 
308.000000 3.413061 
309.000000 3.403682 
310.000000 3.435229 
311.000000 3.436684 
312.000000 3.403736 
313.000000 3.425601 
314.000000 3.415271 
315.000000 3.392981 
316.000000 3.386694 
317.000000 3.419421 
318.000000 3.411142 
319.000000 3.352500 
320.000000 3.305829 
321.000000 3.396420 
322.000000 3.399505 
323.000000 3.306892 
324.000000 3.390685 
325.000000 3.388219 
326.000000 3.401747 
327.000000 3.339004 
328.000000 3.316517 
329.000000 3.280695 
330.000000 3.286779 
331.000000 3.225399 
332.000000 3.205201 
333.000000 3.297447 
334.000000 3.425588 
335.000000 3.434160 
336.000000 3.425120 
337.000000 3.442906 
338.000000 3.448986 
339.000000 3.436492 
340.000000 3.403440 
341.000000 3.402682 
342.000000 3.422900 
343.000000 3.438093 
344.000000 3.391595 
345.000000 3.414284 
346.000000 3.363416 
347.000000 3.332579 
348.000000 3.400186 
349.000000 3.366628 
350.000000 3.299944 
351.000000 3.388403 
352.000000 3.427023 
353.000000 3.431357 
354.000000 3.430819 
355.000000 3.416033 
356.000000 3.391728 
357.000000 3.380128 
358.000000 3.435496 
359.000000 3.413694 
360.000000 3.400929 
361.000000 3.333977 
362.000000 3.399915 
363.000000 3.440327 
364.000000 3.441821 
365.000000 3.441564 
366.000000 3.389304 
367.000000 3.411226 
368.000000 3.397332 
369.000000 3.419880 
370.000000 3.416925 
371.000000 3.429510 
372.000000 3.432302 
373.000000 3.437951 
374.000000 3.427562 
375.000000 3.438023 
376.000000 3.406104 
377.000000 3.369649 
378.000000 3.372490 
379.000000 3.397503 
380.000000 3.374579 
381.000000 3.387810 
382.000000 3.411093 
383.000000 3.424229 
384.000000 3.391495 
385.000000 3.406816 
386.000000 3.437111 
387.000000 3.423400 
388.000000 3.340764 
389.000000 3.344877 
390.000000 3.368046 
391.000000 3.344870 
392.000000 3.327992 
393.000000 3.320128 
394.000000 3.395844 
395.000000 3.371282 
396.000000 3.420000 
397.000000 3.422305 
398.000000 3.371310 
399.000000 3.434401 
400.000000 3.236554 
401.000000 3.425983 
402.000000 3.436803 
403.000000 3.420114 
404.000000 3.401805 
405.000000 3.335535 
406.000000 3.368642 
407.000000 3.364972 
408.000000 3.396450 
409.000000 3.320487 
410.000000 3.327508 
411.000000 3.360351 
412.000000 3.304412 
413.000000 3.415953 
414.000000 3.394907 
415.000000 3.344664 
416.000000 3.360011 
417.000000 3.395232 
418.000000 3.369978 
419.000000 3.421836 
420.000000 3.451726 
421.000000 3.434554 
422.000000 3.412281 
423.000000 3.386269 
424.000000 3.391427 
425.000000 3.346975 
426.000000 3.162591 
427.000000 2.849914 
428.000000 3.253610 
429.000000 3.327012 
430.000000 3.379574 
431.000000 3.364406 
432.000000 3.404982 
433.000000 3.435867 
434.000000 3.425183 
435.000000 3.431163 
436.000000 3.381302 
437.000000 3.365719 
438.000000 3.373500 
439.000000 3.386999 
440.000000 3.438582 
441.000000 3.425467 
442.000000 3.415845 
443.000000 3.383237 
444.000000 3.372933 
445.000000 3.383694 
446.000000 3.376033 
447.000000 3.318746 
448.000000 3.377398 
449.000000 3.406075 
450.000000 3.436446 
451.000000 3.429160 
452.000000 3.425739 
453.000000 3.410070 
454.000000 3.418398 
455.000000 3.422869 
456.000000 3.425654 
457.000000 3.337671 
458.000000 3.331336 
459.000000 3.257079 
460.000000 3.344448 
461.000000 3.348756 
462.000000 3.393694 
463.000000 3.385417 
464.000000 3.412196 
465.000000 3.417907 
466.000000 3.440650 
467.000000 3.397843 
468.000000 3.346467 
469.000000 3.398023 
470.000000 3.430033 
471.000000 3.430600 
472.000000 3.407284 
473.000000 3.368396 
474.000000 3.353658 
475.000000 3.309061 
476.000000 3.306891 
477.000000 3.316546 
478.000000 3.303974 
479.000000 3.314620 
480.000000 3.388116 
481.000000 3.427479 
482.000000 3.414761 
483.000000 3.388516 
484.000000 3.398976 
485.000000 3.415874 
486.000000 3.433898 
487.000000 3.417897 
488.000000 3.426915 
489.000000 3.402988 
490.000000 3.404069 
491.000000 3.429006 
492.000000 3.402467 
493.000000 3.446273 
494.000000 3.422440 
495.000000 3.417375 
496.000000 3.433150 
497.000000 3.401676 
498.000000 3.409500 
499.000000 3.356117 
500.000000 3.422344 
