0.000000 0.000000 
1.000000 1.000000 
2.000000 1.061278 
3.000000 1.302293 
4.000000 1.447369 
5.000000 1.591397 
6.000000 1.596697 
7.000000 1.577050 
8.000000 1.482931 
9.000000 1.375869 
10.000000 1.255419 
11.000000 1.103321 
12.000000 0.927579 
13.000000 0.810453 
14.000000 0.723599 
15.000000 0.907033 
16.000000 0.994847 
17.000000 1.006600 
18.000000 1.017195 
19.000000 0.870847 
20.000000 0.904410 
21.000000 0.929630 
22.000000 0.786200 
23.000000 0.733564 
24.000000 0.647798 
25.000000 0.587182 
26.000000 0.589816 
27.000000 0.643564 
28.000000 0.555811 
29.000000 0.443386 
30.000000 0.433340 
31.000000 0.486254 
32.000000 0.681874 
33.000000 0.670490 
34.000000 0.777834 
35.000000 0.626243 
36.000000 0.549379 
37.000000 0.554458 
38.000000 0.530037 
39.000000 0.529253 
40.000000 0.715775 
41.000000 0.538910 
42.000000 0.403831 
43.000000 0.428342 
44.000000 0.445779 
45.000000 0.471856 
46.000000 0.436599 
47.000000 0.535481 
48.000000 0.507051 
49.000000 0.689680 
50.000000 0.694773 
51.000000 0.633633 
52.000000 0.542732 
53.000000 0.600439 
54.000000 0.521277 
55.000000 0.460806 
56.000000 0.384416 
57.000000 0.361434 
58.000000 0.362804 
59.000000 0.448097 
60.000000 0.403721 
61.000000 0.480303 
62.000000 0.601647 
63.000000 0.546336 
64.000000 0.692458 
65.000000 0.655513 
66.000000 0.674120 
67.000000 0.458107 
68.000000 0.344061 
69.000000 0.462585 
70.000000 0.510070 
71.000000 0.436492 
72.000000 0.361430 
73.000000 0.200971 
74.000000 0.228368 
75.000000 0.261173 
76.000000 0.264577 
77.000000 0.348677 
78.000000 0.441531 
79.000000 0.496492 
80.000000 0.568602 
81.000000 0.643287 
82.000000 0.473148 
83.000000 0.634899 
84.000000 0.678836 
85.000000 0.506226 
86.000000 0.422907 
87.000000 0.482088 
88.000000 0.371210 
89.000000 0.331420 
90.000000 0.523485 
91.000000 0.492925 
92.000000 0.553630 
93.000000 0.512435 
94.000000 0.708697 
95.000000 0.531129 
96.000000 0.502763 
97.000000 0.566783 
98.000000 0.759453 
99.000000 0.628010 
100.000000 0.289188 
101.000000 0.255141 
102.000000 0.343107 
103.000000 0.590801 
104.000000 0.481626 
105.000000 0.402789 
106.000000 0.375613 
107.000000 0.343739 
108.000000 0.345434 
109.000000 0.392301 
110.000000 0.362790 
111.000000 0.388701 
112.000000 0.538027 
113.000000 0.399971 
114.000000 0.508078 
115.000000 0.743991 
116.000000 0.515871 
117.000000 0.464121 
118.000000 0.521952 
119.000000 0.469439 
120.000000 0.291617 
121.000000 0.225659 
122.000000 0.306709 
123.000000 0.366930 
124.000000 0.377412 
125.000000 0.580569 
126.000000 0.587977 
127.000000 0.520198 
128.000000 0.577813 
129.000000 0.405154 
130.000000 0.320445 
131.000000 0.459258 
132.000000 0.528132 
133.000000 0.731987 
134.000000 0.762240 
135.000000 0.786630 
136.000000 0.586074 
137.000000 0.382933 
138.000000 0.284255 
139.000000 0.315408 
140.000000 0.350860 
141.000000 0.312624 
142.000000 0.327476 
143.000000 0.480513 
144.000000 0.711063 
145.000000 0.578351 
146.000000 0.412737 
147.000000 0.319253 
148.000000 0.337484 
149.000000 0.542008 
150.000000 0.430712 
151.000000 0.381158 
152.000000 0.328090 
153.000000 0.448764 
154.000000 0.582066 
155.000000 0.552143 
156.000000 0.612485 
157.000000 0.496426 
158.000000 0.877591 
159.000000 0.785885 
160.000000 0.674351 
161.000000 0.525447 
162.000000 0.702264 
163.000000 0.498171 
164.000000 0.544283 
165.000000 0.667237 
166.000000 0.425091 
167.000000 0.405491 
168.000000 0.485297 
169.000000 0.371554 
170.000000 0.301387 
171.000000 0.451256 
172.000000 0.456543 
173.000000 0.575678 
174.000000 0.386299 
175.000000 0.231963 
176.000000 0.192669 
177.000000 0.245972 
178.000000 0.438777 
179.000000 0.497395 
180.000000 0.424004 
181.000000 0.447720 
182.000000 0.432232 
183.000000 0.384464 
184.000000 0.364975 
185.000000 0.441273 
186.000000 0.544750 
187.000000 0.451177 
188.000000 0.405624 
189.000000 0.316368 
190.000000 0.333892 
191.000000 0.422287 
192.000000 0.282632 
193.000000 0.400472 
194.000000 0.689160 
195.000000 0.857441 
196.000000 0.684792 
197.000000 0.603717 
198.000000 0.582288 
199.000000 0.616491 
200.000000 0.497435 
201.000000 0.514793 
202.000000 0.686020 
203.000000 0.525895 
204.000000 0.478226 
205.000000 0.705191 
206.000000 0.656331 
207.000000 0.632577 
208.000000 0.686025 
209.000000 1.015638 
210.000000 0.760894 
211.000000 0.740602 
212.000000 0.677031 
213.000000 0.657816 
214.000000 0.508085 
215.000000 0.290343 
216.000000 0.287704 
217.000000 0.410505 
218.000000 0.579165 
219.000000 0.611254 
220.000000 0.379645 
221.000000 0.237840 
222.000000 0.265517 
223.000000 0.302035 
224.000000 0.460988 
225.000000 0.602892 
226.000000 0.342765 
227.000000 0.293382 
228.000000 0.467473 
229.000000 0.506812 
230.000000 0.419825 
231.000000 0.516914 
232.000000 0.804149 
233.000000 0.611050 
234.000000 0.390101 
235.000000 0.326791 
236.000000 0.451736 
237.000000 0.529601 
238.000000 0.390807 
239.000000 0.361697 
240.000000 0.377765 
241.000000 0.453181 
242.000000 0.537900 
243.000000 0.343233 
244.000000 0.400542 
245.000000 0.330823 
246.000000 0.287779 
247.000000 0.275595 
248.000000 0.187390 
249.000000 0.282960 
250.000000 0.258768 
251.000000 0.280449 
252.000000 0.423375 
253.000000 0.285215 
254.000000 0.136568 
255.000000 0.155928 
256.000000 0.230280 
257.000000 0.185165 
258.000000 0.277426 
259.000000 0.532908 
260.000000 0.353208 
261.000000 0.343662 
262.000000 0.465152 
263.000000 0.629769 
264.000000 0.764586 
265.000000 0.801594 
266.000000 0.800389 
267.000000 0.887701 
268.000000 0.672309 
269.000000 0.500178 
270.000000 0.336440 
271.000000 0.531302 
272.000000 0.661072 
273.000000 0.630757 
274.000000 0.497854 
275.000000 0.477323 
276.000000 0.622378 
277.000000 0.600305 
278.000000 0.587564 
279.000000 0.473059 
280.000000 0.731265 
281.000000 0.749960 
282.000000 0.669569 
283.000000 0.571133 
284.000000 0.613527 
285.000000 0.557281 
286.000000 0.545661 
287.000000 0.540214 
288.000000 0.387509 
289.000000 0.528790 
290.000000 0.514465 
291.000000 0.684141 
292.000000 0.771903 
293.000000 0.546885 
294.000000 0.403573 
295.000000 0.356352 
296.000000 0.582829 
297.000000 0.365198 
298.000000 0.338532 
299.000000 0.437026 
300.000000 0.678097 
301.000000 0.642551 
302.000000 0.481358 
303.000000 0.376400 
304.000000 0.308676 
305.000000 0.420227 
306.000000 0.374749 
307.000000 0.233997 
308.000000 0.231845 
309.000000 0.270726 
310.000000 0.238348 
311.000000 0.257076 
312.000000 0.395866 
313.000000 0.360296 
314.000000 0.439386 
315.000000 0.314867 
316.000000 0.373058 
317.000000 0.425982 
318.000000 0.551560 
319.000000 0.639008 
320.000000 0.766669 
321.000000 0.856395 
322.000000 0.753329 
323.000000 0.666657 
324.000000 0.644367 
325.000000 0.491787 
326.000000 0.482578 
327.000000 0.573998 
328.000000 0.767141 
329.000000 0.864954 
330.000000 0.906495 
331.000000 0.972507 
332.000000 0.825053 
333.000000 0.813255 
334.000000 0.618790 
335.000000 0.434139 
336.000000 0.282205 
337.000000 0.290711 
338.000000 0.356515 
339.000000 0.502689 
340.000000 0.470245 
341.000000 0.352906 
342.000000 0.398410 
343.000000 0.394257 
344.000000 0.556870 
345.000000 0.536504 
346.000000 0.623861 
347.000000 0.450042 
348.000000 0.671023 
349.000000 0.686925 
350.000000 0.579794 
351.000000 0.489787 
352.000000 0.530626 
353.000000 0.423501 
354.000000 0.182818 
355.000000 0.366571 
356.000000 0.600492 
357.000000 0.411098 
358.000000 0.222877 
359.000000 0.341945 
360.000000 0.639273 
361.000000 0.676501 
362.000000 0.508134 
363.000000 0.316291 
364.000000 0.275967 
365.000000 0.500176 
366.000000 0.416826 
367.000000 0.365039 
368.000000 0.330206 
369.000000 0.294923 
370.000000 0.500093 
371.000000 0.512915 
372.000000 0.465263 
373.000000 0.467037 
374.000000 0.404797 
375.000000 0.249517 
376.000000 0.220480 
377.000000 0.457460 
378.000000 0.751987 
379.000000 0.575427 
380.000000 0.506283 
381.000000 0.356056 
382.000000 0.273984 
383.000000 0.616667 
384.000000 0.753459 
385.000000 0.686397 
386.000000 0.488887 
387.000000 0.457902 
388.000000 0.527220 
389.000000 0.815628 
390.000000 0.874661 
391.000000 0.817867 
392.000000 0.785926 
393.000000 0.583100 
394.000000 0.421917 
395.000000 0.392204 
396.000000 0.297366 
397.000000 0.252592 
398.000000 0.229005 
399.000000 0.391691 
400.000000 0.332556 
401.000000 0.379166 
402.000000 0.392141 
403.000000 0.506026 
404.000000 0.669957 
405.000000 0.641432 
406.000000 0.838019 
407.000000 0.755115 
408.000000 0.541116 
409.000000 0.562530 
410.000000 0.836547 
411.000000 1.122578 
412.000000 0.941734 
413.000000 0.780973 
414.000000 0.556190 
415.000000 0.429464 
416.000000 0.261915 
417.000000 0.258905 
418.000000 0.275930 
419.000000 0.198634 
420.000000 0.156814 
421.000000 0.263725 
422.000000 0.406207 
423.000000 0.431278 
424.000000 0.508480 
425.000000 0.568402 
426.000000 0.581690 
427.000000 0.743136 
428.000000 0.707108 
429.000000 0.528281 
430.000000 0.494935 
431.000000 0.560218 
432.000000 0.541309 
433.000000 0.415863 
434.000000 0.346439 
435.000000 0.348701 
436.000000 0.274627 
437.000000 0.526607 
438.000000 0.791057 
439.000000 0.589488 
440.000000 0.478825 
441.000000 0.454020 
442.000000 0.445490 
443.000000 0.505201 
444.000000 0.432675 
445.000000 0.503023 
446.000000 0.517061 
447.000000 0.482542 
448.000000 0.351012 
449.000000 0.416949 
450.000000 0.549969 
451.000000 0.471297 
452.000000 0.311345 
453.000000 0.364869 
454.000000 0.518725 
455.000000 0.544882 
456.000000 0.540212 
457.000000 0.418345 
458.000000 0.536701 
459.000000 0.472246 
460.000000 0.400544 
461.000000 0.370361 
462.000000 0.323053 
463.000000 0.346716 
464.000000 0.525614 
465.000000 0.401821 
466.000000 0.356946 
467.000000 0.532662 
468.000000 0.738519 
469.000000 0.612593 
470.000000 0.515208 
471.000000 0.552413 
472.000000 0.704852 
473.000000 0.539780 
474.000000 0.561169 
475.000000 0.729874 
476.000000 0.984270 
477.000000 1.140884 
478.000000 0.947452 
479.000000 0.661002 
480.000000 0.553764 
481.000000 0.533356 
482.000000 0.560629 
483.000000 0.605128 
484.000000 0.575438 
485.000000 0.583448 
486.000000 0.512360 
487.000000 0.359229 
488.000000 0.340120 
489.000000 0.338552 
490.000000 0.410840 
491.000000 0.470450 
492.000000 0.372426 
493.000000 0.402546 
494.000000 0.314811 
495.000000 0.368444 
496.000000 0.475731 
497.000000 0.508901 
498.000000 0.676438 
499.000000 0.614575 
500.000000 0.686563 
