0.000000 4.000000 
1.000000 4.000000 
2.000000 1.250000 
3.000000 3.125000 
4.000000 -2.562500 
5.000000 -1.062500 
6.000000 -1.625000 
7.000000 -1.101562 
8.000000 -1.738281 
9.000000 -0.800781 
10.000000 -1.012695 
11.000000 -0.586426 
12.000000 -0.484131 
13.000000 0.161987 
14.000000 0.855286 
15.000000 1.083313 
16.000000 1.719070 
17.000000 1.643661 
18.000000 2.163300 
19.000000 -0.672569 
20.000000 1.337615 
21.000000 -2.129636 
22.000000 -1.132982 
23.000000 -1.371557 
24.000000 -0.920233 
25.000000 -1.351051 
26.000000 -0.435831 
27.000000 -1.079719 
28.000000 -0.939738 
29.000000 0.463410 
30.000000 0.350087 
31.000000 0.418106 
32.000000 0.971365 
33.000000 1.034585 
34.000000 0.777227 
35.000000 0.895764 
36.000000 -1.235360 
37.000000 -0.602271 
38.000000 -2.052818 
39.000000 -2.010826 
40.000000 -1.295866 
41.000000 -1.191637 
42.000000 -1.470296 
43.000000 -1.104975 
44.000000 -0.236738 
45.000000 -0.472744 
46.000000 -0.064669 
47.000000 0.190729 
48.000000 0.627294 
49.000000 -0.439711 
50.000000 -0.026291 
51.000000 -0.313696 
52.000000 0.018571 
53.000000 -1.149471 
54.000000 0.217430 
55.000000 -0.857803 
56.000000 -0.215240 
57.000000 -0.069347 
58.000000 0.369055 
59.000000 0.174714 
60.000000 0.514650 
61.000000 0.730171 
62.000000 0.969534 
63.000000 1.157926 
64.000000 2.260937 
65.000000 1.140960 
66.000000 0.722689 
67.000000 1.555506 
68.000000 -1.921972 
69.000000 -1.043011 
70.000000 -1.812884 
71.000000 -1.793903 
72.000000 -1.396187 
73.000000 -0.658828 
74.000000 -1.007078 
75.000000 -0.702165 
76.000000 -0.372920 
77.000000 0.068944 
78.000000 0.859531 
79.000000 1.216141 
80.000000 1.607142 
81.000000 2.097372 
82.000000 2.499743 
83.000000 1.438611 
84.000000 1.563181 
85.000000 0.017913 
86.000000 0.906356 
87.000000 0.704276 
88.000000 0.246622 
89.000000 0.544124 
90.000000 0.873685 
91.000000 0.556313 
92.000000 -0.471103 
93.000000 1.318552 
94.000000 -1.196307 
95.000000 0.388827 
96.000000 0.375699 
97.000000 0.520174 
98.000000 0.932580 
99.000000 1.060576 
100.000000 0.302176 
101.000000 0.872031 
102.000000 -1.674972 
103.000000 -1.073014 
104.000000 -0.454481 
105.000000 -0.643921 
106.000000 -0.491771 
107.000000 0.002575 
108.000000 -0.414175 
109.000000 -0.703486 
110.000000 -0.016209 
111.000000 -1.503259 
112.000000 -0.868604 
113.000000 -1.400737 
114.000000 -0.938307 
115.000000 -0.204652 
116.000000 -0.217265 
117.000000 -0.593586 
118.000000 0.943116 
119.000000 -0.815944 
120.000000 0.769358 
121.000000 0.076012 
122.000000 0.743547 
123.000000 0.034224 
124.000000 1.482558 
125.000000 -0.483082 
126.000000 -0.859555 
127.000000 -0.214385 
128.000000 -1.077217 
129.000000 -1.676364 
130.000000 -1.485068 
131.000000 -1.377345 
132.000000 -2.262731 
133.000000 -1.623784 
134.000000 -1.417142 
135.000000 -1.289000 
136.000000 -1.114367 
137.000000 -0.251850 
138.000000 0.332810 
139.000000 0.383784 
140.000000 1.076696 
141.000000 1.722136 
142.000000 1.938794 
143.000000 1.465912 
144.000000 1.778988 
145.000000 0.194565 
146.000000 0.906330 
147.000000 0.360206 
148.000000 -1.074311 
149.000000 0.098017 
150.000000 -0.580238 
151.000000 -0.011189 
152.000000 0.315402 
153.000000 0.405822 
154.000000 0.502663 
155.000000 0.814440 
156.000000 0.579923 
157.000000 1.732658 
158.000000 -0.134677 
159.000000 0.340502 
160.000000 -0.114675 
161.000000 -0.210919 
162.000000 0.540570 
163.000000 0.111887 
164.000000 0.091273 
165.000000 -0.419233 
166.000000 -1.042120 
167.000000 -0.827531 
168.000000 -0.250257 
169.000000 -0.001060 
170.000000 0.395805 
171.000000 0.918368 
172.000000 1.077998 
173.000000 1.304460 
174.000000 1.798357 
175.000000 0.664644 
176.000000 1.291277 
177.000000 0.011144 
178.000000 0.031345 
179.000000 0.259640 
180.000000 0.345259 
181.000000 0.898864 
182.000000 -0.698889 
183.000000 0.152342 
184.000000 0.133672 
185.000000 0.382984 
186.000000 0.436574 
187.000000 0.554097 
188.000000 0.788401 
189.000000 0.498174 
190.000000 -0.146051 
191.000000 1.225608 
192.000000 -2.247193 
193.000000 -1.413835 
194.000000 -1.943050 
195.000000 -1.693546 
196.000000 -1.821187 
197.000000 -1.411307 
198.000000 -0.724005 
199.000000 -1.554666 
200.000000 -0.887614 
201.000000 -0.943411 
202.000000 -0.202729 
203.000000 -0.312355 
204.000000 1.422543 
205.000000 1.108732 
206.000000 2.070844 
207.000000 1.526865 
208.000000 2.836316 
209.000000 -1.405778 
210.000000 0.636336 
211.000000 -2.283060 
212.000000 -2.136087 
213.000000 -1.251965 
214.000000 -1.873919 
215.000000 -1.927630 
216.000000 -1.687149 
217.000000 -1.517149 
218.000000 -0.840436 
219.000000 -0.766350 
220.000000 -0.526275 
221.000000 0.664210 
222.000000 0.576864 
223.000000 0.836701 
224.000000 0.613995 
225.000000 0.829732 
226.000000 0.360785 
227.000000 0.564356 
228.000000 -0.137468 
229.000000 -0.105320 
230.000000 -0.417797 
231.000000 -0.149931 
232.000000 -0.068616 
233.000000 0.470865 
234.000000 -0.903517 
235.000000 0.345348 
236.000000 0.331662 
237.000000 0.948699 
238.000000 1.164000 
239.000000 2.160036 
240.000000 2.365159 
241.000000 1.913077 
242.000000 2.400694 
243.000000 0.187429 
244.000000 1.671495 
245.000000 0.769200 
246.000000 -0.559719 
247.000000 0.812371 
248.000000 -0.639297 
249.000000 -0.929728 
250.000000 -0.091867 
251.000000 -1.025189 
252.000000 -0.692730 
253.000000 -0.070634 
254.000000 -0.757414 
255.000000 0.975236 
256.000000 -1.221321 
257.000000 -0.199889 
258.000000 -0.553295 
259.000000 -0.110666 
260.000000 0.419918 
261.000000 0.968787 
262.000000 1.158787 
263.000000 0.322443 
264.000000 1.333400 
265.000000 0.283568 
266.000000 -0.130402 
267.000000 0.460517 
268.000000 -0.249886 
269.000000 -0.020587 
270.000000 0.755601 
271.000000 1.178166 
272.000000 0.641529 
273.000000 -0.417667 
274.000000 0.575626 
275.000000 -1.682609 
276.000000 -1.204946 
277.000000 -1.024501 
278.000000 -0.644251 
279.000000 -0.678085 
280.000000 -1.147819 
281.000000 -0.452821 
282.000000 -1.083166 
283.000000 -1.574784 
284.000000 -0.351266 
285.000000 -0.699303 
286.000000 -0.431276 
287.000000 0.244295 
288.000000 0.337784 
289.000000 0.213799 
290.000000 -0.244022 
291.000000 -0.549617 
292.000000 -0.776710 
293.000000 -0.333472 
294.000000 -0.095047 
295.000000 -0.080716 
296.000000 0.729631 
297.000000 0.355477 
298.000000 -0.335947 
299.000000 -0.984501 
300.000000 -1.539936 
301.000000 -1.586845 
302.000000 -0.697568 
303.000000 -0.021802 
304.000000 0.201340 
305.000000 0.625754 
306.000000 1.238795 
307.000000 -0.778884 
308.000000 1.400295 
309.000000 -0.872234 
310.000000 -0.595170 
311.000000 0.410813 
312.000000 0.214310 
313.000000 -0.503608 
314.000000 0.321455 
315.000000 -0.996315 
316.000000 -0.243606 
317.000000 -0.207880 
318.000000 -1.010926 
319.000000 0.835710 
320.000000 -0.541870 
321.000000 0.623619 
322.000000 0.546212 
323.000000 0.791370 
324.000000 1.320305 
325.000000 2.170076 
326.000000 1.736647 
327.000000 2.018886 
328.000000 2.238117 
329.000000 2.249650 
330.000000 1.909489 
331.000000 2.704321 
332.000000 -0.761540 
333.000000 -0.167121 
334.000000 -0.401108 
335.000000 -0.111182 
336.000000 -1.529013 
337.000000 0.004254 
338.000000 -1.636364 
339.000000 -1.129532 
340.000000 -0.681317 
341.000000 -0.836789 
342.000000 0.126288 
343.000000 0.044310 
344.000000 0.198003 
345.000000 1.187942 
346.000000 0.704662 
347.000000 -0.055535 
348.000000 1.989729 
349.000000 -0.760541 
350.000000 0.849735 
351.000000 0.716786 
352.000000 0.048893 
353.000000 -0.097586 
354.000000 -0.197184 
355.000000 -2.198842 
356.000000 -1.631891 
357.000000 -1.189292 
358.000000 -0.699598 
359.000000 -0.419097 
360.000000 0.415855 
361.000000 0.313828 
362.000000 0.747687 
363.000000 0.145982 
364.000000 -0.208681 
365.000000 -0.412771 
366.000000 -1.174170 
367.000000 -0.657663 
368.000000 -0.078027 
369.000000 0.116080 
370.000000 -0.954991 
371.000000 -0.793210 
372.000000 -1.258640 
373.000000 -1.779166 
374.000000 -1.717690 
375.000000 -0.862898 
376.000000 -0.732819 
377.000000 -0.617165 
378.000000 -0.037051 
379.000000 0.190619 
380.000000 0.380334 
381.000000 0.111553 
382.000000 0.734029 
383.000000 0.655216 
384.000000 0.314118 
385.000000 1.013508 
386.000000 1.289999 
387.000000 -0.172114 
388.000000 1.152390 
389.000000 -1.175095 
390.000000 -0.451299 
391.000000 -0.585116 
392.000000 0.180966 
393.000000 -0.054628 
394.000000 0.848210 
395.000000 1.177797 
396.000000 -0.081100 
397.000000 -0.230287 
398.000000 -0.323717 
399.000000 -1.107554 
400.000000 -1.171515 
401.000000 0.084158 
402.000000 -1.090596 
403.000000 -0.233433 
404.000000 -0.313051 
405.000000 -0.142257 
406.000000 0.250264 
407.000000 0.566541 
408.000000 -0.230576 
409.000000 1.345558 
410.000000 1.120019 
411.000000 1.629182 
412.000000 2.173766 
413.000000 1.277838 
414.000000 2.596445 
415.000000 2.666766 
416.000000 0.844507 
417.000000 2.042066 
418.000000 0.219589 
419.000000 -0.286761 
420.000000 -0.138413 
421.000000 -0.392828 
422.000000 -1.211814 
423.000000 -0.920236 
424.000000 -0.489315 
425.000000 -0.413650 
426.000000 -0.299245 
427.000000 0.270680 
428.000000 0.681603 
429.000000 0.998206 
430.000000 0.204545 
431.000000 0.450525 
432.000000 1.019761 
433.000000 0.275993 
434.000000 -0.043132 
435.000000 -0.098051 
436.000000 -1.632771 
437.000000 -1.317174 
438.000000 -1.138664 
439.000000 -1.846941 
440.000000 -1.394850 
441.000000 -1.544076 
442.000000 -1.359715 
443.000000 -0.370551 
444.000000 -0.409546 
445.000000 -0.260786 
446.000000 1.120394 
447.000000 0.444569 
448.000000 1.801664 
449.000000 1.580831 
450.000000 1.159369 
451.000000 0.368461 
452.000000 1.424853 
453.000000 -2.315733 
454.000000 -1.261335 
455.000000 -2.176149 
456.000000 -2.306504 
457.000000 -2.294313 
458.000000 -1.448337 
459.000000 -1.267549 
460.000000 -1.504117 
461.000000 -0.959899 
462.000000 -0.480595 
463.000000 -0.512956 
464.000000 -0.549987 
465.000000 0.821084 
466.000000 0.735073 
467.000000 0.691596 
468.000000 1.308522 
469.000000 1.171890 
470.000000 0.910460 
471.000000 1.137887 
472.000000 -0.056918 
473.000000 -0.137325 
474.000000 0.033637 
475.000000 0.116508 
476.000000 -0.035403 
477.000000 0.585956 
478.000000 0.596811 
479.000000 0.786991 
480.000000 0.475389 
481.000000 1.311852 
482.000000 -0.267717 
483.000000 0.464930 
484.000000 0.536245 
485.000000 0.379010 
486.000000 0.549572 
487.000000 -0.982741 
488.000000 -0.479165 
489.000000 -1.469175 
490.000000 -0.729330 
491.000000 -0.219964 
492.000000 0.271586 
493.000000 0.404692 
494.000000 0.784446 
495.000000 0.852099 
496.000000 1.135670 
497.000000 1.361028 
498.000000 0.207353 
499.000000 0.739076 
500.000000 0.024570 
