0.000000 0.000000 
1.000000 0.000000 
2.000000 0.000000 
3.000000 -0.500000 
4.000000 -1.000000 
5.000000 -1.125000 
6.000000 -1.250000 
7.000000 -1.665527 
8.000000 -1.791748 
9.000000 -1.089966 
10.000000 0.308502 
11.000000 0.084885 
12.000000 0.536487 
13.000000 0.811832 
14.000000 0.697572 
15.000000 0.827673 
16.000000 0.643112 
17.000000 0.868020 
18.000000 0.365921 
19.000000 0.230903 
20.000000 -0.055948 
21.000000 -0.449294 
22.000000 -0.689907 
23.000000 -0.767792 
24.000000 -0.927624 
25.000000 -0.518431 
26.000000 0.011712 
27.000000 0.111213 
28.000000 0.100473 
29.000000 0.369048 
30.000000 0.178733 
31.000000 0.637937 
32.000000 0.508530 
33.000000 0.258960 
34.000000 0.295550 
35.000000 0.255635 
36.000000 0.034290 
37.000000 -0.432423 
38.000000 -0.313279 
39.000000 -0.122641 
40.000000 -0.616235 
41.000000 -0.058654 
42.000000 -0.067437 
43.000000 0.149938 
44.000000 0.200085 
45.000000 0.407152 
46.000000 0.417780 
47.000000 0.249976 
48.000000 0.471980 
49.000000 0.321395 
50.000000 0.264270 
51.000000 0.578073 
52.000000 0.357885 
53.000000 0.145072 
54.000000 0.183724 
55.000000 0.064604 
56.000000 0.088269 
57.000000 0.379876 
58.000000 0.254594 
59.000000 0.180784 
60.000000 0.571096 
61.000000 0.431097 
62.000000 0.314939 
63.000000 0.482696 
64.000000 0.425904 
65.000000 0.423033 
66.000000 0.347118 
67.000000 0.186445 
68.000000 0.061329 
69.000000 -0.315335 
70.000000 -0.139765 
71.000000 -0.280885 
72.000000 -0.487396 
73.000000 -0.268190 
74.000000 0.025932 
75.000000 0.331642 
76.000000 0.368489 
77.000000 0.273488 
78.000000 0.648837 
79.000000 0.620276 
80.000000 0.346141 
81.000000 0.687322 
82.000000 0.322018 
83.000000 -0.077132 
84.000000 0.086905 
85.000000 -0.161222 
86.000000 -0.157462 
87.000000 -0.343202 
88.000000 -0.065751 
89.000000 -0.019431 
90.000000 0.190231 
91.000000 0.137817 
92.000000 0.181274 
93.000000 -0.062521 
94.000000 -0.026363 
95.000000 0.037990 
96.000000 0.018920 
97.000000 -0.111280 
98.000000 -0.024611 
99.000000 -0.069280 
100.000000 0.022682 
101.000000 -0.406715 
102.000000 -0.138768 
103.000000 0.014492 
104.000000 -0.247954 
105.000000 0.041112 
106.000000 -0.015519 
107.000000 0.051915 
108.000000 0.073492 
109.000000 0.025721 
110.000000 0.246424 
111.000000 0.028375 
112.000000 -0.164400 
113.000000 -0.190754 
114.000000 -0.475302 
115.000000 -0.212399 
116.000000 -0.585541 
117.000000 -0.777871 
118.000000 -0.643294 
119.000000 -0.393359 
120.000000 -0.227132 
121.000000 -0.028485 
122.000000 -0.206147 
123.000000 0.094080 
124.000000 -0.274165 
125.000000 0.076317 
126.000000 0.298903 
127.000000 0.350558 
128.000000 0.073015 
129.000000 0.196231 
130.000000 0.015430 
131.000000 -0.010470 
132.000000 -0.012592 
133.000000 -0.074304 
134.000000 0.072192 
135.000000 0.017825 
136.000000 0.171265 
137.000000 0.199162 
138.000000 -0.089518 
139.000000 0.050333 
140.000000 -0.371125 
141.000000 -0.517229 
142.000000 -0.150003 
143.000000 -0.673475 
144.000000 -0.335607 
145.000000 -0.043040 
146.000000 -0.214707 
147.000000 -0.149061 
148.000000 -0.153597 
149.000000 0.033971 
150.000000 0.145670 
151.000000 0.112826 
152.000000 0.096997 
153.000000 0.173290 
154.000000 0.326942 
155.000000 0.345820 
156.000000 0.450590 
157.000000 0.288698 
158.000000 0.443381 
159.000000 0.198796 
160.000000 0.093996 
161.000000 -0.001043 
162.000000 -0.079848 
163.000000 -0.378473 
164.000000 -0.166342 
165.000000 -0.104429 
166.000000 -0.502039 
167.000000 -0.601455 
168.000000 -0.236867 
169.000000 -0.234951 
170.000000 -0.028991 
171.000000 -0.092527 
172.000000 0.515892 
173.000000 0.329801 
174.000000 0.078049 
175.000000 0.541473 
176.000000 0.224237 
177.000000 0.054016 
178.000000 -0.057675 
179.000000 -0.049780 
180.000000 -0.216331 
181.000000 -0.361033 
182.000000 -0.403069 
183.000000 -0.371443 
184.000000 -0.230433 
185.000000 0.022461 
186.000000 -0.307428 
187.000000 0.045816 
188.000000 -0.056471 
189.000000 0.041182 
190.000000 0.145066 
191.000000 0.222086 
192.000000 -0.120525 
193.000000 -0.103435 
194.000000 0.045331 
195.000000 0.127577 
196.000000 -0.248600 
197.000000 -0.300774 
198.000000 0.159347 
199.000000 -0.181874 
200.000000 -0.164495 
201.000000 -0.105559 
202.000000 -0.234104 
203.000000 0.027998 
204.000000 0.069293 
205.000000 0.031313 
206.000000 0.044593 
207.000000 0.381716 
208.000000 -0.062481 
209.000000 -0.193574 
210.000000 -0.229780 
211.000000 -0.109558 
212.000000 -0.073983 
213.000000 0.007669 
214.000000 -0.010160 
215.000000 -0.004926 
216.000000 0.071790 
217.000000 0.234847 
218.000000 0.139437 
219.000000 -0.077799 
220.000000 -0.113914 
221.000000 -0.175753 
222.000000 -0.098486 
223.000000 0.127407 
224.000000 0.137283 
225.000000 -0.182312 
226.000000 -0.223651 
227.000000 -0.260699 
228.000000 -0.251083 
229.000000 -0.098258 
230.000000 -0.253236 
231.000000 -0.448848 
232.000000 0.347101 
233.000000 0.124345 
234.000000 0.226492 
235.000000 0.327577 
236.000000 0.406533 
237.000000 0.614443 
238.000000 0.061413 
239.000000 -0.076596 
240.000000 0.203519 
241.000000 -0.450182 
242.000000 -0.111418 
243.000000 0.179109 
244.000000 0.015759 
245.000000 -0.357335 
246.000000 0.099399 
247.000000 0.047838 
248.000000 -0.344695 
249.000000 0.104973 
250.000000 0.278243 
251.000000 0.061331 
252.000000 -0.009689 
253.000000 0.192031 
254.000000 -0.067459 
255.000000 0.029995 
256.000000 0.054561 
257.000000 -0.100288 
258.000000 -0.161450 
259.000000 0.112576 
260.000000 0.052941 
261.000000 0.006011 
262.000000 -0.123112 
263.000000 0.215169 
264.000000 -0.151109 
265.000000 -0.126068 
266.000000 -0.127716 
267.000000 -0.147217 
268.000000 -0.253085 
269.000000 -0.196711 
270.000000 -0.092978 
271.000000 0.016720 
272.000000 -0.216368 
273.000000 0.145531 
274.000000 0.140254 
275.000000 -0.334977 
276.000000 -0.232787 
277.000000 -0.203175 
278.000000 -0.145731 
279.000000 -0.195565 
280.000000 -0.182358 
281.000000 -0.000788 
282.000000 -0.150043 
283.000000 -0.050281 
284.000000 -0.065371 
285.000000 -0.036206 
286.000000 -0.105528 
287.000000 -0.166532 
288.000000 0.167372 
289.000000 0.152225 
290.000000 0.088593 
291.000000 -0.038809 
292.000000 0.054841 
293.000000 -0.167714 
294.000000 -0.225273 
295.000000 0.010624 
296.000000 -0.100951 
297.000000 0.201795 
298.000000 0.146358 
299.000000 0.234009 
300.000000 0.100830 
301.000000 -0.079363 
302.000000 -0.241525 
303.000000 -0.322726 
304.000000 -0.480863 
305.000000 -0.416994 
306.000000 -0.285303 
307.000000 0.211355 
308.000000 0.130514 
309.000000 -0.128827 
310.000000 0.086467 
311.000000 0.062240 
312.000000 0.001673 
313.000000 0.035823 
314.000000 -0.155455 
315.000000 0.003471 
316.000000 0.009126 
317.000000 0.015691 
318.000000 -0.177701 
319.000000 -0.175085 
320.000000 -0.230852 
321.000000 -0.025483 
322.000000 -0.127021 
323.000000 0.073283 
324.000000 0.179382 
325.000000 0.209952 
326.000000 0.183009 
327.000000 0.097461 
328.000000 0.127766 
329.000000 0.253257 
330.000000 -0.504428 
331.000000 0.144914 
332.000000 -0.132491 
333.000000 -0.276013 
334.000000 -0.068978 
335.000000 -0.191863 
336.000000 0.024718 
337.000000 0.070219 
338.000000 0.108332 
339.000000 0.269065 
340.000000 0.252541 
341.000000 0.125401 
342.000000 0.457367 
343.000000 0.110409 
344.000000 -0.183287 
345.000000 -0.130210 
346.000000 -0.375993 
347.000000 -0.216762 
348.000000 -0.115663 
349.000000 0.116618 
350.000000 -0.037283 
351.000000 0.129778 
352.000000 -0.152037 
353.000000 -0.094674 
354.000000 -0.294832 
355.000000 -0.480502 
356.000000 0.074673 
357.000000 -0.088942 
358.000000 0.149727 
359.000000 -0.001747 
360.000000 0.178866 
361.000000 0.558491 
362.000000 -0.224545 
363.000000 0.204905 
364.000000 0.113820 
365.000000 0.128784 
366.000000 0.090197 
367.000000 -0.241937 
368.000000 -0.444122 
369.000000 -0.400635 
370.000000 -0.500509 
371.000000 -0.260178 
372.000000 -0.204310 
373.000000 -0.080144 
374.000000 -0.005812 
375.000000 -0.008241 
376.000000 0.180786 
377.000000 0.095952 
378.000000 0.238461 
379.000000 0.611956 
380.000000 0.242896 
381.000000 0.192796 
382.000000 0.359477 
383.000000 0.200888 
384.000000 -0.225148 
385.000000 -0.246804 
386.000000 -0.165802 
387.000000 0.124253 
388.000000 0.030711 
389.000000 0.190915 
390.000000 0.129372 
391.000000 0.251846 
392.000000 0.186229 
393.000000 0.083770 
394.000000 -0.066824 
395.000000 0.125276 
396.000000 0.094065 
397.000000 0.228207 
398.000000 0.543722 
399.000000 0.339443 
400.000000 0.254006 
401.000000 0.168129 
402.000000 -0.185992 
403.000000 -0.233435 
404.000000 -0.139799 
405.000000 -0.011434 
406.000000 -0.241103 
407.000000 -0.160902 
408.000000 0.101033 
409.000000 0.157026 
410.000000 0.004329 
411.000000 0.074539 
412.000000 0.022830 
413.000000 0.064967 
414.000000 0.021174 
415.000000 -0.077591 
416.000000 -0.154435 
417.000000 -0.130182 
418.000000 -0.045340 
419.000000 -0.050975 
420.000000 -0.013473 
421.000000 0.144663 
422.000000 0.116594 
423.000000 0.083166 
424.000000 0.044488 
425.000000 0.089728 
426.000000 0.016637 
427.000000 -0.094982 
428.000000 -0.014883 
429.000000 -0.317416 
430.000000 -0.021028 
431.000000 -0.012499 
432.000000 0.119860 
433.000000 0.206579 
434.000000 0.296376 
435.000000 0.176830 
436.000000 0.099326 
437.000000 0.507406 
438.000000 0.505780 
439.000000 0.208166 
440.000000 0.010149 
441.000000 -0.199145 
442.000000 0.108139 
443.000000 -0.096478 
444.000000 -0.044097 
445.000000 -0.081164 
446.000000 -0.075069 
447.000000 -0.070394 
448.000000 0.115539 
449.000000 0.002743 
450.000000 0.087473 
451.000000 0.175621 
452.000000 -0.081405 
453.000000 -0.023805 
454.000000 -0.229808 
455.000000 -0.180139 
456.000000 -0.257672 
457.000000 -0.260418 
458.000000 -0.108437 
459.000000 0.041085 
460.000000 -0.126946 
461.000000 -0.137241 
462.000000 -0.135559 
463.000000 -0.268894 
464.000000 0.171470 
465.000000 0.177730 
466.000000 0.216294 
467.000000 0.075809 
468.000000 -0.209620 
469.000000 -0.226787 
470.000000 0.092370 
471.000000 -0.115044 
472.000000 -0.208320 
473.000000 0.070485 
474.000000 0.078971 
475.000000 -0.248014 
476.000000 0.128466 
477.000000 0.101732 
478.000000 0.035723 
479.000000 0.151595 
480.000000 0.013139 
481.000000 0.051161 
482.000000 -0.116367 
483.000000 -0.063491 
484.000000 0.017458 
485.000000 0.045870 
486.000000 0.177868 
487.000000 0.067784 
488.000000 0.177959 
489.000000 -0.113058 
490.000000 0.302674 
491.000000 0.346044 
492.000000 0.016262 
493.000000 0.194957 
494.000000 0.131766 
495.000000 -0.255570 
496.000000 0.171879 
497.000000 -0.012825 
498.000000 -0.245909 
499.000000 -0.044419 
500.000000 -0.172637 
