0.000000 0.000000 
1.000000 0.000000 
2.000000 1.000000 
3.000000 1.000000 
4.000000 1.500000 
5.000000 2.000000 
6.000000 2.625000 
7.000000 2.999023 
8.000000 3.486084 
9.000000 3.890564 
10.000000 4.224731 
11.000000 4.186432 
12.000000 4.091651 
13.000000 3.916899 
14.000000 3.655201 
15.000000 3.313388 
16.000000 2.982871 
17.000000 2.828295 
18.000000 2.491190 
19.000000 2.714498 
20.000000 2.701726 
21.000000 2.996375 
22.000000 3.234348 
23.000000 3.434228 
24.000000 3.592548 
25.000000 3.894064 
26.000000 3.976498 
27.000000 3.972653 
28.000000 3.915973 
29.000000 3.834941 
30.000000 3.616916 
31.000000 3.374754 
32.000000 3.247620 
33.000000 2.964393 
34.000000 3.042408 
35.000000 2.815063 
36.000000 3.145117 
37.000000 3.195920 
38.000000 3.392832 
39.000000 3.577962 
40.000000 3.763053 
41.000000 3.774919 
42.000000 3.929979 
43.000000 3.877208 
44.000000 3.862443 
45.000000 3.763887 
46.000000 3.634873 
47.000000 3.403248 
48.000000 3.319353 
49.000000 3.223976 
50.000000 2.960565 
51.000000 3.186336 
52.000000 3.161481 
53.000000 3.324769 
54.000000 3.506390 
55.000000 3.661246 
56.000000 3.767583 
57.000000 3.814214 
58.000000 3.856062 
59.000000 3.864494 
60.000000 3.869619 
61.000000 3.731540 
62.000000 3.649717 
63.000000 3.473306 
64.000000 3.343862 
65.000000 3.072660 
66.000000 3.263813 
67.000000 3.041029 
68.000000 3.319046 
69.000000 3.396239 
70.000000 3.544617 
71.000000 3.674372 
72.000000 3.753821 
73.000000 3.767602 
74.000000 3.772100 
75.000000 3.713428 
76.000000 3.682286 
77.000000 3.475224 
78.000000 3.253995 
79.000000 3.301284 
80.000000 3.014078 
81.000000 3.013890 
82.000000 3.078163 
83.000000 3.108639 
84.000000 3.159297 
85.000000 3.184494 
86.000000 3.313685 
87.000000 3.329921 
88.000000 3.336274 
89.000000 3.293045 
90.000000 3.267090 
91.000000 3.210513 
92.000000 3.116959 
93.000000 3.196698 
94.000000 3.195084 
95.000000 3.122887 
96.000000 2.997190 
97.000000 2.971482 
98.000000 3.087808 
99.000000 2.892988 
100.000000 3.291297 
101.000000 3.429104 
102.000000 3.591080 
103.000000 3.773749 
104.000000 3.977670 
105.000000 4.019743 
106.000000 4.018176 
107.000000 3.962100 
108.000000 3.871997 
109.000000 3.792714 
110.000000 3.695258 
111.000000 3.647426 
112.000000 3.550089 
113.000000 3.494634 
114.000000 3.436662 
115.000000 3.411390 
116.000000 3.391632 
117.000000 3.466163 
118.000000 3.458495 
119.000000 3.399188 
120.000000 3.532984 
121.000000 3.438435 
122.000000 3.390699 
123.000000 3.389368 
124.000000 3.429912 
125.000000 3.297428 
126.000000 3.273516 
127.000000 3.166034 
128.000000 3.299943 
129.000000 3.074255 
130.000000 3.434954 
131.000000 3.583122 
132.000000 3.754377 
133.000000 3.890113 
134.000000 4.028599 
135.000000 4.050943 
136.000000 3.912406 
137.000000 3.981809 
138.000000 3.810621 
139.000000 3.716779 
140.000000 3.641523 
141.000000 3.403268 
142.000000 3.376623 
143.000000 3.253991 
144.000000 3.118658 
145.000000 3.083438 
146.000000 3.034697 
147.000000 3.156660 
148.000000 3.231666 
149.000000 3.445423 
150.000000 3.633061 
151.000000 3.607416 
152.000000 3.666504 
153.000000 3.753559 
154.000000 3.691742 
155.000000 3.504708 
156.000000 3.645676 
157.000000 3.473247 
158.000000 3.463845 
159.000000 3.443906 
160.000000 3.360008 
161.000000 3.183601 
162.000000 3.114195 
163.000000 2.916056 
164.000000 3.143356 
165.000000 2.960190 
166.000000 3.198380 
167.000000 3.215441 
168.000000 3.253234 
169.000000 3.113983 
170.000000 3.308964 
171.000000 3.253909 
172.000000 3.273547 
173.000000 3.336215 
174.000000 3.431706 
175.000000 3.405605 
176.000000 3.525240 
177.000000 3.590290 
178.000000 3.560252 
179.000000 3.496530 
180.000000 3.611112 
181.000000 3.533600 
182.000000 3.585705 
183.000000 3.569617 
184.000000 3.521332 
185.000000 3.273870 
186.000000 3.242355 
187.000000 3.117506 
188.000000 3.136538 
189.000000 3.071833 
190.000000 3.274585 
191.000000 3.257316 
192.000000 3.403324 
193.000000 3.587775 
194.000000 3.718460 
195.000000 3.820102 
196.000000 4.025085 
197.000000 4.070385 
198.000000 4.137990 
199.000000 4.186608 
200.000000 4.067935 
201.000000 3.895503 
202.000000 3.716138 
203.000000 3.468817 
204.000000 3.265721 
205.000000 3.121264 
206.000000 2.886293 
207.000000 2.945938 
208.000000 2.867190 
209.000000 2.968917 
210.000000 3.155763 
211.000000 3.192668 
212.000000 3.375757 
213.000000 3.483115 
214.000000 3.545785 
215.000000 3.724786 
216.000000 3.834555 
217.000000 3.837781 
218.000000 3.700846 
219.000000 3.758960 
220.000000 3.482566 
221.000000 3.469727 
222.000000 3.419394 
223.000000 3.250655 
224.000000 3.275414 
225.000000 3.170793 
226.000000 3.372107 
227.000000 3.342192 
228.000000 3.516690 
229.000000 3.632614 
230.000000 3.695500 
231.000000 3.556656 
232.000000 3.741526 
233.000000 3.721945 
234.000000 3.565712 
235.000000 3.597720 
236.000000 3.600458 
237.000000 3.454281 
238.000000 3.511706 
239.000000 3.380978 
240.000000 3.373614 
241.000000 3.310329 
242.000000 3.263635 
243.000000 3.243267 
244.000000 3.410279 
245.000000 3.305193 
246.000000 3.462545 
247.000000 3.467286 
248.000000 3.546869 
249.000000 3.514689 
250.000000 3.621555 
251.000000 3.628871 
252.000000 3.639617 
253.000000 3.514712 
254.000000 3.481260 
255.000000 3.442833 
256.000000 3.350940 
257.000000 3.273831 
258.000000 3.201152 
259.000000 3.161800 
260.000000 2.982072 
261.000000 2.978293 
262.000000 2.935950 
263.000000 2.895642 
264.000000 2.731145 
265.000000 2.841856 
266.000000 2.904036 
267.000000 3.077481 
268.000000 3.257889 
269.000000 3.368712 
270.000000 3.550470 
271.000000 3.594891 
272.000000 3.636285 
273.000000 3.844671 
274.000000 3.852477 
275.000000 3.936570 
276.000000 3.916744 
277.000000 3.825178 
278.000000 3.825940 
279.000000 3.644735 
280.000000 3.532398 
281.000000 3.420212 
282.000000 3.410438 
283.000000 3.075849 
284.000000 3.317623 
285.000000 3.281199 
286.000000 3.335775 
287.000000 3.369328 
288.000000 3.490866 
289.000000 3.455708 
290.000000 3.561232 
291.000000 3.484603 
292.000000 3.705604 
293.000000 3.579172 
294.000000 3.576815 
295.000000 3.488292 
296.000000 3.544500 
297.000000 3.340001 
298.000000 3.377938 
299.000000 3.456896 
300.000000 3.352885 
301.000000 3.592736 
302.000000 3.579696 
303.000000 3.619107 
304.000000 3.668927 
305.000000 3.659079 
306.000000 3.614726 
307.000000 3.643966 
308.000000 3.650278 
309.000000 3.575712 
310.000000 3.568662 
311.000000 3.501847 
312.000000 3.387064 
313.000000 3.278082 
314.000000 3.292564 
315.000000 3.210754 
316.000000 3.383465 
317.000000 3.395294 
318.000000 3.560586 
319.000000 3.642232 
320.000000 3.716658 
321.000000 3.757552 
322.000000 3.750795 
323.000000 3.670191 
324.000000 3.763635 
325.000000 3.438081 
326.000000 3.349343 
327.000000 3.202099 
328.000000 3.060026 
329.000000 2.639300 
330.000000 2.818877 
331.000000 2.667997 
332.000000 2.642027 
333.000000 2.804342 
334.000000 2.984057 
335.000000 3.074761 
336.000000 3.310511 
337.000000 3.452369 
338.000000 3.665413 
339.000000 3.744446 
340.000000 3.819720 
341.000000 3.833301 
342.000000 3.861452 
343.000000 3.676435 
344.000000 3.635941 
345.000000 3.505135 
346.000000 3.317231 
347.000000 3.272489 
348.000000 3.136074 
349.000000 2.963838 
350.000000 3.231758 
351.000000 3.034092 
352.000000 3.225503 
353.000000 3.407212 
354.000000 3.539694 
355.000000 3.595463 
356.000000 3.790314 
357.000000 3.859865 
358.000000 3.881767 
359.000000 3.770457 
360.000000 3.658962 
361.000000 3.657494 
362.000000 3.444097 
363.000000 3.406895 
364.000000 3.523300 
365.000000 3.518003 
366.000000 3.576061 
367.000000 3.603070 
368.000000 3.677332 
369.000000 3.666299 
370.000000 3.731460 
371.000000 3.728912 
372.000000 3.853582 
373.000000 3.895151 
374.000000 3.762604 
375.000000 3.852826 
376.000000 3.822698 
377.000000 3.678368 
378.000000 3.598893 
379.000000 3.460697 
380.000000 3.497387 
381.000000 3.321467 
382.000000 3.295767 
383.000000 3.444650 
384.000000 3.314256 
385.000000 3.309490 
386.000000 3.256765 
387.000000 3.374346 
388.000000 3.253784 
389.000000 3.284636 
390.000000 3.343673 
391.000000 3.307594 
392.000000 3.175401 
393.000000 3.203721 
394.000000 3.286242 
395.000000 3.282948 
396.000000 3.352769 
397.000000 3.467091 
398.000000 3.485101 
399.000000 3.580998 
400.000000 3.694393 
401.000000 3.730223 
402.000000 3.732320 
403.000000 3.682143 
404.000000 3.617688 
405.000000 3.384815 
406.000000 3.480113 
407.000000 3.300887 
408.000000 3.180588 
409.000000 2.977529 
410.000000 3.043183 
411.000000 2.728781 
412.000000 2.931840 
413.000000 2.889327 
414.000000 3.208108 
415.000000 3.117217 
416.000000 3.448844 
417.000000 3.540741 
418.000000 3.579272 
419.000000 3.669685 
420.000000 3.655115 
421.000000 3.600794 
422.000000 3.535547 
423.000000 3.419366 
424.000000 3.325753 
425.000000 3.163686 
426.000000 2.947369 
427.000000 2.864181 
428.000000 2.549924 
429.000000 2.817338 
430.000000 2.760971 
431.000000 2.871010 
432.000000 3.039839 
433.000000 3.152866 
434.000000 3.368249 
435.000000 3.560837 
436.000000 3.784165 
437.000000 3.911268 
438.000000 4.013027 
439.000000 4.011528 
440.000000 4.013577 
441.000000 3.981589 
442.000000 3.829930 
443.000000 3.680091 
444.000000 3.541685 
445.000000 3.290682 
446.000000 3.280577 
447.000000 3.032659 
448.000000 3.161600 
449.000000 3.084003 
450.000000 3.049233 
451.000000 3.049685 
452.000000 3.268706 
453.000000 3.303530 
454.000000 3.504805 
455.000000 3.670469 
456.000000 3.820682 
457.000000 3.835172 
458.000000 3.882439 
459.000000 3.988007 
460.000000 3.892224 
461.000000 3.829535 
462.000000 3.802902 
463.000000 3.796826 
464.000000 3.685294 
465.000000 3.615250 
466.000000 3.512764 
467.000000 3.389821 
468.000000 3.302974 
469.000000 3.086170 
470.000000 3.291547 
471.000000 3.208331 
472.000000 3.250927 
473.000000 3.263314 
474.000000 3.275912 
475.000000 3.131926 
476.000000 3.102086 
477.000000 2.840104 
478.000000 3.093142 
479.000000 2.805728 
480.000000 3.087536 
481.000000 3.173172 
482.000000 3.312241 
483.000000 3.274959 
484.000000 3.422512 
485.000000 3.463891 
486.000000 3.554720 
487.000000 3.716446 
488.000000 3.772552 
489.000000 3.885520 
490.000000 3.917051 
491.000000 3.859549 
492.000000 3.858647 
493.000000 3.749202 
494.000000 3.598539 
495.000000 3.437480 
496.000000 3.342746 
497.000000 3.271224 
498.000000 3.284133 
499.000000 3.232224 
500.000000 3.100469 
