-5.000000 -5.000000 0.000417 
-5.000000 -4.000000 0.003145 
-5.000000 -3.000000 0.025929 
-5.000000 -2.000000 0.036006 
-5.000000 -1.000000 0.010607 
-5.000000 0.000000 0.023497 
-5.000000 1.000000 0.016065 
-5.000000 2.000000 0.047985 
-5.000000 3.000000 0.009928 
-5.000000 4.000000 0.013738 
-5.000000 5.000000 0.002436 
-4.000000 -5.000000 0.000301 
-4.000000 -4.000000 0.002265 
-4.000000 -3.000000 0.018672 
-4.000000 -2.000000 0.025929 
-4.000000 -1.000000 0.007638 
-4.000000 0.000000 0.016921 
-4.000000 1.000000 0.011569 
-4.000000 2.000000 0.034555 
-4.000000 3.000000 0.007150 
-4.000000 4.000000 0.009893 
-4.000000 5.000000 0.001754 
-3.000000 -5.000000 0.000036 
-3.000000 -4.000000 0.000275 
-3.000000 -3.000000 0.002265 
-3.000000 -2.000000 0.003145 
-3.000000 -1.000000 0.000926 
-3.000000 0.000000 0.002052 
-3.000000 1.000000 0.001403 
-3.000000 2.000000 0.004191 
-3.000000 3.000000 0.000867 
-3.000000 4.000000 0.001200 
-3.000000 5.000000 0.000213 
-2.000000 -5.000000 0.000005 
-2.000000 -4.000000 0.000036 
-2.000000 -3.000000 0.000301 
-2.000000 -2.000000 0.000417 
-2.000000 -1.000000 0.000123 
-2.000000 0.000000 0.000272 
-2.000000 1.000000 0.000186 
-2.000000 2.000000 0.000556 
-2.000000 3.000000 0.000115 
-2.000000 4.000000 0.000159 
-2.000000 5.000000 0.000028 
-1.000000 -5.000000 0.000028 
-1.000000 -4.000000 0.000213 
-1.000000 -3.000000 0.001754 
-1.000000 -2.000000 0.002436 
-1.000000 -1.000000 0.000718 
-1.000000 0.000000 0.001590 
-1.000000 1.000000 0.001087 
-1.000000 2.000000 0.003246 
-1.000000 3.000000 0.000672 
-1.000000 4.000000 0.000929 
-1.000000 5.000000 0.000165 
0.000000 -5.000000 0.000159 
0.000000 -4.000000 0.001200 
0.000000 -3.000000 0.009893 
0.000000 -2.000000 0.013738 
0.000000 -1.000000 0.004047 
0.000000 0.000000 0.008965 
0.000000 1.000000 0.006129 
0.000000 2.000000 0.018308 
0.000000 3.000000 0.003788 
0.000000 4.000000 0.005242 
0.000000 5.000000 0.000929 
1.000000 -5.000000 0.000115 
1.000000 -4.000000 0.000867 
1.000000 -3.000000 0.007150 
1.000000 -2.000000 0.009928 
1.000000 -1.000000 0.002925 
1.000000 0.000000 0.006479 
1.000000 1.000000 0.004430 
1.000000 2.000000 0.013231 
1.000000 3.000000 0.002738 
1.000000 4.000000 0.003788 
1.000000 5.000000 0.000672 
2.000000 -5.000000 0.000556 
2.000000 -4.000000 0.004191 
2.000000 -3.000000 0.034555 
2.000000 -2.000000 0.047985 
2.000000 -1.000000 0.014136 
2.000000 0.000000 0.031314 
2.000000 1.000000 0.021409 
2.000000 2.000000 0.063948 
2.000000 3.000000 0.013231 
2.000000 4.000000 0.018308 
2.000000 5.000000 0.003246 
3.000000 -5.000000 0.000186 
3.000000 -4.000000 0.001403 
3.000000 -3.000000 0.011569 
3.000000 -2.000000 0.016065 
3.000000 -1.000000 0.004732 
3.000000 0.000000 0.010484 
3.000000 1.000000 0.007167 
3.000000 2.000000 0.021409 
3.000000 3.000000 0.004430 
3.000000 4.000000 0.006129 
3.000000 5.000000 0.001087 
4.000000 -5.000000 0.000272 
4.000000 -4.000000 0.002052 
4.000000 -3.000000 0.016921 
4.000000 -2.000000 0.023497 
4.000000 -1.000000 0.006922 
4.000000 0.000000 0.015334 
4.000000 1.000000 0.010484 
4.000000 2.000000 0.031314 
4.000000 3.000000 0.006479 
4.000000 4.000000 0.008965 
4.000000 5.000000 0.001590 
5.000000 -5.000000 0.000123 
5.000000 -4.000000 0.000926 
5.000000 -3.000000 0.007638 
5.000000 -2.000000 0.010607 
5.000000 -1.000000 0.003125 
5.000000 0.000000 0.006922 
5.000000 1.000000 0.004732 
5.000000 2.000000 0.014136 
5.000000 3.000000 0.002925 
5.000000 4.000000 0.004047 
5.000000 5.000000 0.000718 
