0.000000 0.000000 
1.000000 1.386294 
2.000000 1.386294 
3.000000 1.124670 
4.000000 1.124670 
5.000000 1.370628 
6.000000 1.370628 
7.000000 1.188260 
8.000000 1.188260 
9.000000 1.359256 
10.000000 1.359256 
11.000000 1.213000 
12.000000 1.212148 
13.000000 1.355580 
14.000000 1.332583 
15.000000 1.317776 
16.000000 0.926373 
17.000000 1.371602 
18.000000 1.221475 
19.000000 1.176193 
20.000000 1.370575 
21.000000 1.252923 
22.000000 1.268969 
23.000000 1.366133 
24.000000 1.235034 
25.000000 1.192365 
26.000000 1.375670 
27.000000 1.345028 
28.000000 1.063548 
29.000000 1.306354 
30.000000 1.375675 
31.000000 1.353633 
32.000000 0.677166 
33.000000 1.384308 
34.000000 1.342847 
35.000000 1.205056 
36.000000 1.247515 
37.000000 1.278528 
38.000000 1.385489 
39.000000 1.268200 
40.000000 0.917149 
41.000000 1.380860 
42.000000 1.385793 
43.000000 0.959916 
44.000000 1.109457 
45.000000 1.363925 
46.000000 1.275190 
47.000000 1.134843 
48.000000 1.160599 
49.000000 1.344334 
50.000000 1.101188 
51.000000 1.138060 
52.000000 1.380677 
53.000000 1.274637 
54.000000 1.312086 
55.000000 1.278636 
56.000000 1.214807 
57.000000 1.372112 
58.000000 1.315172 
59.000000 1.155487 
60.000000 1.313731 
61.000000 1.375188 
62.000000 1.129875 
63.000000 1.365997 
64.000000 1.162844 
65.000000 1.362579 
66.000000 1.276633 
67.000000 1.319499 
68.000000 1.251560 
69.000000 1.211871 
70.000000 1.384100 
71.000000 1.209562 
72.000000 0.922267 
73.000000 1.380433 
74.000000 1.365645 
75.000000 0.907310 
76.000000 1.268967 
77.000000 1.377175 
78.000000 1.161183 
79.000000 1.262002 
80.000000 1.155655 
81.000000 1.378852 
82.000000 1.256146 
83.000000 1.038284 
84.000000 1.347596 
85.000000 1.373661 
86.000000 1.318455 
87.000000 0.959926 
88.000000 1.332500 
89.000000 1.368201 
90.000000 0.977596 
91.000000 1.120064 
92.000000 1.385376 
93.000000 1.353003 
94.000000 0.849059 
95.000000 1.385417 
96.000000 1.245316 
97.000000 1.340212 
98.000000 1.261383 
99.000000 1.260630 
100.000000 1.340359 
101.000000 1.281389 
102.000000 1.340046 
103.000000 1.208128 
104.000000 1.272615 
105.000000 1.382217 
106.000000 1.183588 
107.000000 1.271989 
108.000000 1.315667 
109.000000 1.344367 
110.000000 1.244098 
111.000000 1.351342 
112.000000 0.974329 
113.000000 1.381001 
114.000000 1.330258 
115.000000 0.816991 
116.000000 1.370074 
117.000000 1.385991 
118.000000 1.196074 
119.000000 0.991453 
120.000000 1.380594 
121.000000 1.384955 
122.000000 0.816771 
123.000000 1.263608 
124.000000 1.385359 
125.000000 1.344874 
126.000000 0.968361 
127.000000 1.359082 
128.000000 1.288286 
129.000000 1.383887 
130.000000 1.069409 
131.000000 1.143098 
132.000000 1.362138 
133.000000 1.223029 
134.000000 1.041303 
135.000000 1.363707 
136.000000 1.367217 
137.000000 1.251094 
138.000000 1.114469 
139.000000 1.383610 
140.000000 1.266523 
141.000000 1.278126 
142.000000 1.280711 
143.000000 1.355275 
144.000000 1.094651 
145.000000 1.386287 
146.000000 1.244382 
147.000000 1.052809 
148.000000 1.385960 
149.000000 1.287754 
150.000000 1.194601 
151.000000 1.301540 
152.000000 1.313367 
153.000000 1.373049 
154.000000 1.130565 
155.000000 1.269259 
156.000000 1.337587 
157.000000 1.383420 
158.000000 0.993867 
159.000000 1.270170 
160.000000 1.370733 
161.000000 1.384036 
162.000000 0.764018 
163.000000 1.250646 
164.000000 1.292486 
165.000000 0.986455 
166.000000 1.019089 
167.000000 1.385239 
168.000000 1.332380 
169.000000 1.235986 
170.000000 1.115344 
171.000000 1.381553 
172.000000 1.326930 
173.000000 1.270909 
174.000000 1.090559 
175.000000 1.384730 
176.000000 1.308188 
177.000000 1.255607 
178.000000 1.187151 
179.000000 1.358789 
180.000000 1.377616 
181.000000 0.939972 
182.000000 1.352027 
183.000000 1.374522 
184.000000 1.059690 
185.000000 1.377762 
186.000000 1.245763 
187.000000 1.249598 
188.000000 1.329930 
189.000000 1.376770 
190.000000 0.971467 
191.000000 1.342347 
192.000000 1.367152 
193.000000 1.311373 
194.000000 1.058219 
195.000000 1.324520 
196.000000 1.383343 
197.000000 1.040820 
198.000000 1.219809 
199.000000 1.373997 
200.000000 1.301096 
201.000000 1.350532 
202.000000 0.892319 
203.000000 1.377910 
204.000000 1.385618 
205.000000 1.120504 
206.000000 0.924568 
207.000000 1.339294 
208.000000 1.310872 
209.000000 0.925658 
210.000000 1.316114 
211.000000 1.386025 
212.000000 1.304875 
213.000000 0.906425 
214.000000 1.376190 
215.000000 1.379429 
216.000000 1.042683 
217.000000 1.359794 
218.000000 1.195736 
219.000000 1.370310 
220.000000 1.299607 
221.000000 1.211919 
222.000000 1.252425 
223.000000 1.386246 
224.000000 1.140113 
225.000000 1.269052 
226.000000 1.358137 
227.000000 1.231257 
228.000000 1.347428 
229.000000 1.269372 
230.000000 1.255174 
231.000000 1.326646 
232.000000 1.315922 
233.000000 1.361979 
234.000000 0.811136 
235.000000 1.386137 
236.000000 1.375927 
237.000000 0.981004 
238.000000 1.185367 
239.000000 1.356940 
240.000000 1.192321 
241.000000 1.088066 
242.000000 1.350850 
243.000000 1.355617 
244.000000 1.343150 
245.000000 1.001805 
246.000000 1.307158 
247.000000 1.380793 
248.000000 1.120015 
249.000000 1.211186 
250.000000 1.261562 
251.000000 1.365420 
252.000000 1.062739 
253.000000 1.046420 
254.000000 1.386282 
255.000000 1.380735 
256.000000 0.787974 
257.000000 1.339686 
258.000000 1.385450 
259.000000 1.130315 
260.000000 1.322407 
261.000000 1.281854 
262.000000 1.288771 
263.000000 1.367793 
264.000000 1.148517 
265.000000 1.348746 
266.000000 1.204998 
267.000000 1.380020 
268.000000 1.216744 
269.000000 1.241794 
270.000000 1.334748 
271.000000 1.347049 
272.000000 1.220356 
273.000000 1.311707 
274.000000 1.269323 
275.000000 1.313809 
276.000000 1.382202 
277.000000 0.939685 
278.000000 1.268531 
279.000000 1.341011 
280.000000 0.950328 
281.000000 1.188127 
282.000000 1.355076 
283.000000 1.383758 
284.000000 0.911148 
285.000000 1.194310 
286.000000 1.385403 
287.000000 1.342915 
288.000000 0.961481 
289.000000 1.318677 
290.000000 1.380811 
291.000000 1.276497 
292.000000 1.237018 
293.000000 1.170742 
294.000000 1.384032 
295.000000 1.377260 
296.000000 0.521724 
297.000000 1.386283 
298.000000 1.367687 
299.000000 1.217692 
300.000000 1.123074 
301.000000 1.379735 
302.000000 1.328314 
303.000000 1.196896 
304.000000 1.295341 
305.000000 1.344683 
306.000000 1.259908 
307.000000 1.303512 
308.000000 1.349986 
309.000000 1.115284 
310.000000 1.339359 
311.000000 1.386137 
312.000000 0.826896 
313.000000 1.374203 
314.000000 1.306166 
315.000000 1.336024 
316.000000 1.223258 
317.000000 1.249644 
318.000000 1.348901 
319.000000 1.366125 
320.000000 1.131834 
321.000000 1.195971 
322.000000 1.386053 
323.000000 1.341151 
324.000000 1.011512 
325.000000 1.242414 
326.000000 1.374935 
327.000000 1.315169 
328.000000 0.321194 
329.000000 1.343845 
330.000000 1.349048 
331.000000 1.092446 
332.000000 1.223562 
333.000000 1.373453 
334.000000 1.346874 
335.000000 1.208317 
336.000000 1.183580 
337.000000 1.367864 
338.000000 1.366864 
339.000000 1.112750 
340.000000 1.248465 
341.000000 1.375750 
342.000000 1.314410 
343.000000 1.236563 
344.000000 1.121604 
345.000000 1.366072 
346.000000 1.041737 
347.000000 1.289386 
348.000000 1.366194 
349.000000 1.191043 
350.000000 1.317361 
351.000000 1.367458 
352.000000 1.131505 
353.000000 1.268855 
354.000000 1.385119 
355.000000 1.244795 
356.000000 1.125929 
357.000000 1.353705 
358.000000 1.363336 
359.000000 1.297883 
360.000000 0.892511 
361.000000 1.379138 
362.000000 1.279360 
363.000000 1.261225 
364.000000 1.205943 
365.000000 1.312986 
366.000000 1.386214 
367.000000 1.148266 
368.000000 0.969395 
369.000000 1.378221 
370.000000 1.376048 
371.000000 0.717763 
372.000000 1.305958 
373.000000 1.369240 
374.000000 1.139473 
375.000000 1.180005 
376.000000 1.269873 
377.000000 1.370987 
378.000000 0.988503 
379.000000 1.262113 
380.000000 1.364218 
381.000000 1.285891 
382.000000 1.327608 
383.000000 1.210538 
384.000000 1.267264 
385.000000 1.382403 
386.000000 1.240872 
387.000000 1.147656 
388.000000 1.371052 
389.000000 1.335176 
390.000000 1.125263 
391.000000 1.380594 
392.000000 1.113780 
393.000000 1.364937 
394.000000 1.290857 
395.000000 1.315076 
396.000000 1.178918 
397.000000 1.319110 
398.000000 1.386237 
399.000000 1.024821 
400.000000 1.146383 
401.000000 1.368588 
402.000000 1.277071 
403.000000 0.940402 
404.000000 1.358231 
405.000000 1.385317 
406.000000 1.135869 
407.000000 1.292353 
408.000000 1.156373 
409.000000 1.368991 
410.000000 1.178668 
411.000000 1.046692 
412.000000 1.368360 
413.000000 1.381897 
414.000000 1.213988 
415.000000 0.975619 
416.000000 1.385518 
417.000000 1.386006 
418.000000 0.814541 
419.000000 1.275256 
420.000000 1.383620 
421.000000 1.250180 
422.000000 1.026422 
423.000000 1.386282 
424.000000 1.159149 
425.000000 1.370103 
426.000000 1.219559 
427.000000 1.255418 
428.000000 1.355747 
429.000000 1.294983 
430.000000 1.293978 
431.000000 1.228181 
432.000000 1.333945 
433.000000 1.353354 
434.000000 1.188996 
435.000000 1.311444 
436.000000 1.298328 
437.000000 1.334751 
438.000000 1.287757 
439.000000 1.306774 
440.000000 1.026956 
441.000000 1.343700 
442.000000 1.173366 
443.000000 0.901160 
444.000000 1.385064 
445.000000 1.371710 
446.000000 1.063916 
447.000000 1.157299 
448.000000 1.386138 
449.000000 1.361539 
450.000000 0.884273 
451.000000 1.324665 
452.000000 1.381747 
453.000000 1.318377 
454.000000 1.011533 
455.000000 1.358104 
456.000000 1.314493 
457.000000 1.383613 
458.000000 0.839244 
459.000000 1.298383 
460.000000 1.356912 
461.000000 1.022757 
462.000000 1.139905 
463.000000 1.384348 
464.000000 1.333122 
465.000000 1.186551 
466.000000 1.247662 
467.000000 1.375971 
468.000000 1.228497 
469.000000 1.318203 
470.000000 1.265873 
471.000000 1.334026 
472.000000 1.184908 
473.000000 1.386275 
474.000000 1.087218 
475.000000 1.230285 
476.000000 1.385937 
477.000000 1.180546 
478.000000 1.263361 
479.000000 1.311554 
480.000000 1.302535 
481.000000 1.368972 
482.000000 1.139575 
483.000000 1.249727 
484.000000 1.368631 
485.000000 1.376339 
486.000000 0.826276 
487.000000 1.342243 
488.000000 1.382080 
489.000000 1.344268 
490.000000 0.673110 
491.000000 1.375443 
492.000000 1.359926 
493.000000 0.737399 
494.000000 1.237399 
495.000000 1.386169 
496.000000 1.286637 
497.000000 1.242682 
498.000000 1.163825 
499.000000 1.379593 
500.000000 1.336563 
