0.000000 0.000000 
1.000000 2.000000 
2.000000 1.622557 
3.000000 1.201754 
4.000000 1.597710 
5.000000 1.954681 
6.000000 1.690052 
7.000000 1.406340 
8.000000 1.672345 
9.000000 1.927102 
10.000000 1.695362 
11.000000 1.506952 
12.000000 1.753622 
13.000000 1.886281 
14.000000 1.796714 
15.000000 1.501555 
16.000000 1.557109 
17.000000 1.662010 
18.000000 1.687010 
19.000000 1.876433 
20.000000 1.704579 
21.000000 1.722966 
22.000000 1.914460 
23.000000 1.791173 
24.000000 1.675814 
25.000000 1.804901 
26.000000 1.911793 
27.000000 1.790604 
28.000000 1.823047 
29.000000 1.847188 
30.000000 1.882876 
31.000000 1.745231 
32.000000 1.759934 
33.000000 1.813314 
34.000000 1.763124 
35.000000 1.895744 
36.000000 1.863283 
37.000000 1.828961 
38.000000 1.940342 
39.000000 1.832155 
40.000000 1.825949 
41.000000 1.938249 
42.000000 1.900790 
43.000000 1.793778 
44.000000 1.941477 
45.000000 1.907515 
46.000000 1.814898 
47.000000 1.844885 
48.000000 1.858093 
49.000000 1.802346 
50.000000 1.727951 
51.000000 1.974625 
52.000000 1.904380 
53.000000 1.858803 
54.000000 1.918269 
55.000000 1.924750 
56.000000 1.938979 
57.000000 1.864022 
58.000000 1.840132 
59.000000 1.920471 
60.000000 1.931841 
61.000000 1.824965 
62.000000 1.890129 
63.000000 1.822508 
64.000000 1.789930 
65.000000 1.917538 
66.000000 1.945017 
67.000000 1.949803 
68.000000 1.892106 
69.000000 1.944144 
70.000000 1.974196 
71.000000 1.825188 
72.000000 1.908383 
73.000000 1.957669 
74.000000 1.900170 
75.000000 1.903166 
76.000000 1.964150 
77.000000 1.876401 
78.000000 1.865961 
79.000000 1.923262 
80.000000 1.856854 
81.000000 1.841817 
82.000000 1.897992 
83.000000 1.919877 
84.000000 1.824057 
85.000000 1.884461 
86.000000 1.902378 
87.000000 1.877294 
88.000000 1.961769 
89.000000 1.939614 
90.000000 1.864030 
91.000000 1.966660 
92.000000 1.922924 
93.000000 1.885871 
94.000000 1.899236 
95.000000 1.892590 
96.000000 1.907584 
97.000000 1.934964 
98.000000 1.871038 
99.000000 1.932185 
100.000000 1.955630 
101.000000 1.923376 
102.000000 1.945659 
103.000000 1.930103 
104.000000 1.957681 
105.000000 1.935595 
106.000000 1.893880 
107.000000 1.930649 
108.000000 1.954820 
109.000000 1.933618 
110.000000 1.913704 
111.000000 1.825322 
112.000000 1.785894 
113.000000 1.934012 
114.000000 1.808484 
115.000000 1.866168 
116.000000 1.959308 
117.000000 1.897945 
118.000000 1.741880 
119.000000 1.887322 
120.000000 1.951415 
121.000000 1.759352 
122.000000 1.708963 
123.000000 1.951796 
124.000000 1.936308 
125.000000 1.851860 
126.000000 1.913053 
127.000000 1.967729 
128.000000 1.954180 
129.000000 1.936038 
130.000000 1.897768 
131.000000 1.968704 
132.000000 1.937558 
133.000000 1.823432 
134.000000 1.927687 
135.000000 1.932066 
136.000000 1.918698 
137.000000 1.888189 
138.000000 1.951542 
139.000000 1.967324 
140.000000 1.859794 
141.000000 1.766761 
142.000000 1.898377 
143.000000 1.920522 
144.000000 1.819405 
145.000000 1.878846 
146.000000 1.910267 
147.000000 1.953679 
148.000000 1.860132 
149.000000 1.854953 
150.000000 1.972720 
151.000000 1.958892 
152.000000 1.920216 
153.000000 1.898853 
154.000000 1.932026 
155.000000 1.946316 
156.000000 1.889095 
157.000000 1.866942 
158.000000 1.876534 
159.000000 1.993054 
160.000000 1.919965 
161.000000 1.825425 
162.000000 1.842477 
163.000000 1.935651 
164.000000 1.831443 
165.000000 1.659659 
166.000000 1.877411 
167.000000 1.883186 
168.000000 1.749926 
169.000000 1.872846 
170.000000 1.946579 
171.000000 1.895635 
172.000000 1.817899 
173.000000 1.848031 
174.000000 1.892042 
175.000000 1.819311 
176.000000 1.813156 
177.000000 1.958270 
178.000000 1.980351 
179.000000 1.954103 
180.000000 1.918409 
181.000000 1.905921 
182.000000 1.950603 
183.000000 1.933518 
184.000000 1.914784 
185.000000 1.948674 
186.000000 1.946815 
187.000000 1.948107 
188.000000 1.937230 
189.000000 1.910219 
190.000000 1.911395 
191.000000 1.989961 
192.000000 1.962735 
193.000000 1.892207 
194.000000 1.930773 
195.000000 1.916354 
196.000000 1.855983 
197.000000 1.891746 
198.000000 1.990487 
199.000000 1.950673 
200.000000 1.946025 
201.000000 1.839608 
202.000000 1.844970 
203.000000 1.989163 
204.000000 1.845830 
205.000000 1.601004 
206.000000 1.778163 
207.000000 1.939967 
208.000000 1.842553 
209.000000 1.892806 
210.000000 1.983100 
211.000000 1.979897 
212.000000 1.809420 
213.000000 1.866237 
214.000000 1.982585 
215.000000 1.931942 
216.000000 1.897726 
217.000000 1.966049 
218.000000 1.956719 
219.000000 1.954153 
220.000000 1.926118 
221.000000 1.953391 
222.000000 1.939150 
223.000000 1.959628 
224.000000 1.855335 
225.000000 1.913760 
226.000000 1.964208 
227.000000 1.979766 
228.000000 1.888623 
229.000000 1.876278 
230.000000 1.952219 
231.000000 1.942020 
232.000000 1.874275 
233.000000 1.830139 
234.000000 1.810654 
235.000000 1.902007 
236.000000 1.750864 
237.000000 1.800313 
238.000000 1.838439 
239.000000 1.807743 
240.000000 1.706585 
241.000000 1.966728 
242.000000 1.943389 
243.000000 1.943422 
244.000000 1.887156 
245.000000 1.917554 
246.000000 1.975700 
247.000000 1.904869 
248.000000 1.817365 
249.000000 1.976898 
250.000000 1.970458 
251.000000 1.862981 
252.000000 1.697611 
253.000000 1.916514 
254.000000 1.943645 
255.000000 1.787366 
256.000000 1.781166 
257.000000 1.979657 
258.000000 1.865517 
259.000000 1.793145 
260.000000 1.939484 
261.000000 1.983514 
262.000000 1.957251 
263.000000 1.885238 
264.000000 1.913943 
265.000000 1.944436 
266.000000 1.927967 
267.000000 1.949942 
268.000000 1.932801 
269.000000 1.948848 
270.000000 1.973445 
271.000000 1.946940 
272.000000 1.946267 
273.000000 1.963762 
274.000000 1.953678 
275.000000 1.958218 
276.000000 1.864534 
277.000000 1.855869 
278.000000 1.973389 
279.000000 1.895186 
280.000000 1.776471 
281.000000 1.972692 
282.000000 1.975084 
283.000000 1.881773 
284.000000 1.843577 
285.000000 1.976035 
286.000000 1.894725 
287.000000 1.902685 
288.000000 1.937827 
289.000000 1.925444 
290.000000 1.948240 
291.000000 1.968190 
292.000000 1.929608 
293.000000 1.939891 
294.000000 1.980341 
295.000000 1.830519 
296.000000 1.732760 
297.000000 1.875789 
298.000000 1.905092 
299.000000 1.918928 
300.000000 1.943978 
301.000000 1.941477 
302.000000 1.926950 
303.000000 1.948705 
304.000000 1.971296 
305.000000 1.951260 
306.000000 1.943084 
307.000000 1.974822 
308.000000 1.855897 
309.000000 1.870860 
310.000000 1.994715 
311.000000 1.846863 
312.000000 1.770282 
313.000000 1.977019 
314.000000 1.987534 
315.000000 1.918735 
316.000000 1.821596 
317.000000 1.930079 
318.000000 1.991418 
319.000000 1.856907 
320.000000 1.750072 
321.000000 1.950486 
322.000000 1.901288 
323.000000 1.693772 
324.000000 1.759576 
325.000000 1.977348 
326.000000 1.964608 
327.000000 1.669450 
328.000000 1.653715 
329.000000 1.848777 
330.000000 1.866514 
331.000000 1.860698 
332.000000 1.927924 
333.000000 1.932525 
334.000000 1.944664 
335.000000 1.900119 
336.000000 1.959246 
337.000000 1.988062 
338.000000 1.868474 
339.000000 1.829092 
340.000000 1.912041 
341.000000 1.889489 
342.000000 1.865019 
343.000000 1.799166 
344.000000 1.885975 
345.000000 1.856276 
346.000000 1.808241 
347.000000 1.974587 
348.000000 1.966407 
349.000000 1.944784 
350.000000 1.959210 
351.000000 1.945394 
352.000000 1.951331 
353.000000 1.984726 
354.000000 1.937379 
355.000000 1.903437 
356.000000 1.982735 
357.000000 1.951176 
358.000000 1.941321 
359.000000 1.924991 
360.000000 1.913243 
361.000000 1.921927 
362.000000 1.888616 
363.000000 1.867734 
364.000000 1.945268 
365.000000 1.978075 
366.000000 1.925308 
367.000000 1.866715 
368.000000 1.948533 
369.000000 1.920086 
370.000000 1.782562 
371.000000 1.825800 
372.000000 1.942237 
373.000000 1.906180 
374.000000 1.866285 
375.000000 1.988206 
376.000000 1.970021 
377.000000 1.863202 
378.000000 1.851914 
379.000000 1.908310 
380.000000 1.812194 
381.000000 1.821669 
382.000000 1.975299 
383.000000 1.949916 
384.000000 1.939258 
385.000000 1.954414 
386.000000 1.951878 
387.000000 1.970809 
388.000000 1.965951 
389.000000 1.935061 
390.000000 1.950684 
391.000000 1.927903 
392.000000 1.863365 
393.000000 1.949948 
394.000000 1.954228 
395.000000 1.913578 
396.000000 1.922356 
397.000000 1.988699 
398.000000 1.959175 
399.000000 1.875840 
400.000000 1.921739 
401.000000 1.950299 
402.000000 1.940025 
403.000000 1.929688 
404.000000 1.893207 
405.000000 1.922285 
406.000000 1.950458 
407.000000 1.850895 
408.000000 1.852641 
409.000000 1.971861 
410.000000 1.869917 
411.000000 1.961987 
412.000000 1.965522 
413.000000 1.971952 
414.000000 1.875216 
415.000000 1.925626 
416.000000 1.987520 
417.000000 1.885711 
418.000000 1.844565 
419.000000 1.979922 
420.000000 1.959288 
421.000000 1.898961 
422.000000 1.947550 
423.000000 1.902943 
424.000000 1.852546 
425.000000 1.983326 
426.000000 1.918773 
427.000000 1.877398 
428.000000 1.955504 
429.000000 1.967639 
430.000000 1.908538 
431.000000 1.950157 
432.000000 1.986227 
433.000000 1.944528 
434.000000 1.925650 
435.000000 1.980115 
436.000000 1.988959 
437.000000 1.913322 
438.000000 1.891195 
439.000000 1.956212 
440.000000 1.878009 
441.000000 1.891235 
442.000000 1.802374 
443.000000 1.898037 
444.000000 1.889966 
445.000000 1.884473 
446.000000 1.936894 
447.000000 1.942864 
448.000000 1.976990 
449.000000 1.861739 
450.000000 1.875248 
451.000000 1.978763 
452.000000 1.963330 
453.000000 1.868091 
454.000000 1.919501 
455.000000 1.958922 
456.000000 1.905129 
457.000000 1.829535 
458.000000 1.821014 
459.000000 1.954738 
460.000000 1.871244 
461.000000 1.689929 
462.000000 1.952133 
463.000000 1.836596 
464.000000 1.655201 
465.000000 1.763153 
466.000000 1.969516 
467.000000 1.891957 
468.000000 1.783591 
469.000000 1.911562 
470.000000 1.983760 
471.000000 1.916199 
472.000000 1.827353 
473.000000 1.893160 
474.000000 1.866360 
475.000000 1.882476 
476.000000 1.868345 
477.000000 1.843238 
478.000000 1.948929 
479.000000 1.916395 
480.000000 1.910935 
481.000000 1.880507 
482.000000 1.930090 
483.000000 1.962790 
484.000000 1.896817 
485.000000 1.786685 
486.000000 1.825306 
487.000000 1.907238 
488.000000 1.866702 
489.000000 1.885833 
490.000000 1.888582 
491.000000 1.904280 
492.000000 1.830348 
493.000000 1.788166 
494.000000 1.941549 
495.000000 1.917330 
496.000000 1.884572 
497.000000 1.943022 
498.000000 1.975474 
499.000000 1.942014 
500.000000 1.945103 
