0.000000 0.000000 
1.000000 0.000000 
2.000000 0.000000 
3.000000 1.562500 
4.000000 -4.125000 
5.000000 1.367188 
6.000000 -0.835937 
7.000000 0.172363 
8.000000 -0.042358 
9.000000 0.549927 
10.000000 3.131447 
11.000000 -1.493788 
12.000000 0.291874 
13.000000 -0.773818 
14.000000 -0.515813 
15.000000 0.514113 
16.000000 -0.707665 
17.000000 -0.178050 
18.000000 1.314412 
19.000000 -0.790496 
20.000000 0.779053 
21.000000 -1.474273 
22.000000 -0.470271 
23.000000 1.663909 
24.000000 -0.574553 
25.000000 1.167468 
26.000000 -0.397404 
27.000000 0.709138 
28.000000 -0.301568 
29.000000 -0.990580 
30.000000 0.216734 
31.000000 0.308767 
32.000000 0.321751 
33.000000 -0.927791 
34.000000 0.903768 
35.000000 0.490699 
36.000000 -1.059185 
37.000000 -0.351614 
38.000000 -0.029728 
39.000000 0.182402 
40.000000 -0.687161 
41.000000 0.699027 
42.000000 -1.304961 
43.000000 0.605473 
44.000000 1.364042 
45.000000 -0.244437 
46.000000 -0.082278 
47.000000 -0.005707 
48.000000 -0.082457 
49.000000 -0.216430 
50.000000 0.353574 
51.000000 0.039988 
52.000000 -0.041397 
53.000000 -2.169708 
54.000000 2.303362 
55.000000 0.140154 
56.000000 -0.473237 
57.000000 0.295906 
58.000000 -0.475600 
59.000000 0.177092 
60.000000 -0.264991 
61.000000 -0.215752 
62.000000 0.228815 
63.000000 0.004406 
64.000000 0.595125 
65.000000 -0.066437 
66.000000 0.532017 
67.000000 -0.891542 
68.000000 -0.623178 
69.000000 -0.298568 
70.000000 0.576479 
71.000000 -0.838118 
72.000000 1.272284 
73.000000 0.156718 
74.000000 0.921969 
75.000000 -0.406929 
76.000000 -0.199398 
77.000000 -0.378755 
78.000000 -0.704688 
79.000000 -0.000483 
80.000000 0.921161 
81.000000 -1.823901 
82.000000 0.213815 
83.000000 1.025560 
84.000000 0.210731 
85.000000 0.249137 
86.000000 0.122758 
87.000000 0.349870 
88.000000 -0.311483 
89.000000 -0.127349 
90.000000 0.145498 
91.000000 -0.321730 
92.000000 0.115540 
93.000000 -0.949374 
94.000000 1.002630 
95.000000 0.237782 
96.000000 -0.059283 
97.000000 -0.260208 
98.000000 1.605845 
99.000000 -0.798464 
100.000000 -1.001776 
101.000000 0.635852 
102.000000 0.213037 
103.000000 -0.131147 
104.000000 -0.447240 
105.000000 0.012597 
106.000000 -0.322413 
107.000000 0.293219 
108.000000 0.258306 
109.000000 -0.444044 
110.000000 0.186174 
111.000000 0.177834 
112.000000 -0.499224 
113.000000 -0.837776 
114.000000 1.943514 
115.000000 -0.747277 
116.000000 -0.025806 
117.000000 -0.086595 
118.000000 -0.021586 
119.000000 0.795807 
120.000000 -1.176552 
121.000000 0.382965 
122.000000 -0.271700 
123.000000 0.359396 
124.000000 -0.323791 
125.000000 0.198793 
126.000000 -0.774080 
127.000000 0.850461 
128.000000 -0.713597 
129.000000 -2.215786 
130.000000 -1.022569 
131.000000 3.766609 
132.000000 -4.604032 
133.000000 1.957721 
134.000000 4.491853 
135.000000 -2.472916 
136.000000 1.452161 
137.000000 -0.106138 
138.000000 -0.920272 
139.000000 0.020378 
140.000000 0.127282 
141.000000 -0.889541 
142.000000 0.086823 
143.000000 1.025941 
144.000000 1.177934 
145.000000 -1.108930 
146.000000 0.486926 
147.000000 -0.230732 
148.000000 -0.196363 
149.000000 -0.070844 
150.000000 -0.192333 
151.000000 0.201291 
152.000000 -0.055053 
153.000000 -0.249699 
154.000000 -0.280506 
155.000000 -0.165576 
156.000000 0.233269 
157.000000 -0.940815 
158.000000 1.491551 
159.000000 0.002418 
160.000000 -0.038175 
161.000000 -0.034779 
162.000000 0.680715 
163.000000 -0.544947 
164.000000 -0.013251 
165.000000 -0.162256 
166.000000 0.540004 
167.000000 -0.411894 
168.000000 0.152734 
169.000000 -0.201387 
170.000000 -0.178440 
171.000000 -0.609597 
172.000000 -0.333655 
173.000000 0.153598 
174.000000 0.557300 
175.000000 0.331969 
176.000000 -0.171932 
177.000000 0.253633 
178.000000 0.007452 
179.000000 0.113221 
180.000000 0.092843 
181.000000 0.202116 
182.000000 -1.329743 
183.000000 0.714221 
184.000000 0.176287 
185.000000 -0.302065 
186.000000 0.158274 
187.000000 0.133968 
188.000000 -0.178390 
189.000000 0.446984 
190.000000 -0.231792 
191.000000 0.023047 
192.000000 -1.531255 
193.000000 -0.996876 
194.000000 0.385159 
195.000000 0.690655 
196.000000 -3.784266 
197.000000 1.951821 
198.000000 4.013110 
199.000000 -2.629124 
200.000000 3.420620 
201.000000 0.377768 
202.000000 -1.705906 
203.000000 0.148464 
204.000000 -2.137364 
205.000000 0.988207 
206.000000 0.422483 
207.000000 -0.134616 
208.000000 1.127220 
209.000000 -1.529050 
210.000000 1.207875 
211.000000 -2.392689 
212.000000 0.667766 
213.000000 -0.390374 
214.000000 -0.895122 
215.000000 1.092975 
216.000000 -1.110008 
217.000000 5.491151 
218.000000 -1.815594 
219.000000 -0.200259 
220.000000 -0.632198 
221.000000 -0.944947 
222.000000 0.607865 
223.000000 -0.357417 
224.000000 0.228834 
225.000000 0.067254 
226.000000 0.288282 
227.000000 0.361643 
228.000000 -0.535716 
229.000000 0.103034 
230.000000 -0.649061 
231.000000 0.446062 
232.000000 0.316075 
233.000000 0.274904 
234.000000 0.117261 
235.000000 -0.921474 
236.000000 0.165260 
237.000000 -0.410495 
238.000000 0.015190 
239.000000 -0.839345 
240.000000 -0.422792 
241.000000 1.322015 
242.000000 0.069983 
243.000000 0.546779 
244.000000 0.077574 
245.000000 0.481491 
246.000000 -1.071768 
247.000000 0.624933 
248.000000 -0.881071 
249.000000 1.138265 
250.000000 -0.361204 
251.000000 0.564468 
252.000000 -0.359682 
253.000000 -0.198689 
254.000000 0.310551 
255.000000 -1.493932 
256.000000 1.804044 
257.000000 -0.517883 
258.000000 0.277565 
259.000000 -0.352154 
260.000000 0.091600 
261.000000 0.701186 
262.000000 -1.252977 
263.000000 0.601824 
264.000000 -1.476660 
265.000000 1.129548 
266.000000 0.258107 
267.000000 -0.298955 
268.000000 0.262671 
269.000000 -0.044856 
270.000000 0.522543 
271.000000 -0.731103 
272.000000 1.019718 
273.000000 -1.100192 
274.000000 0.028051 
275.000000 -0.686092 
276.000000 0.192305 
277.000000 -0.492297 
278.000000 0.859561 
279.000000 -1.092382 
280.000000 -0.382802 
281.000000 2.441460 
282.000000 -0.893835 
283.000000 1.173673 
284.000000 -0.797950 
285.000000 0.106850 
286.000000 -0.648324 
287.000000 0.445163 
288.000000 -0.313644 
289.000000 0.202752 
290.000000 0.325541 
291.000000 -0.075290 
292.000000 -0.046186 
293.000000 -0.141475 
294.000000 0.010566 
295.000000 -0.059393 
296.000000 0.017965 
297.000000 0.472424 
298.000000 -0.032822 
299.000000 0.699810 
300.000000 -0.303147 
301.000000 -0.302291 
302.000000 -0.150273 
303.000000 -0.262726 
304.000000 0.085434 
305.000000 -0.532332 
306.000000 0.824333 
307.000000 0.184381 
308.000000 -1.585074 
309.000000 1.132537 
310.000000 -0.393256 
311.000000 0.575816 
312.000000 -0.206754 
313.000000 -0.654625 
314.000000 0.888644 
315.000000 0.661046 
316.000000 -0.888008 
317.000000 -0.109504 
318.000000 -0.579923 
319.000000 -0.056896 
320.000000 0.256759 
321.000000 -0.242368 
322.000000 0.090087 
323.000000 -0.151636 
324.000000 -0.333912 
325.000000 0.506315 
326.000000 -0.891414 
327.000000 0.378572 
328.000000 1.185421 
329.000000 -0.640590 
330.000000 -0.145041 
331.000000 1.062748 
332.000000 -0.522691 
333.000000 0.041648 
334.000000 -0.103663 
335.000000 0.093055 
336.000000 -2.378754 
337.000000 2.453595 
338.000000 0.228499 
339.000000 -0.122660 
340.000000 0.186417 
341.000000 0.002051 
342.000000 -0.356596 
343.000000 0.102489 
344.000000 -0.265731 
345.000000 -0.899278 
346.000000 0.814218 
347.000000 0.345812 
348.000000 -1.197290 
349.000000 1.239894 
350.000000 0.267901 
351.000000 -0.193236 
352.000000 -0.142842 
353.000000 -0.012891 
354.000000 0.004020 
355.000000 0.513092 
356.000000 -1.464072 
357.000000 0.711563 
358.000000 0.058555 
359.000000 -0.642222 
360.000000 0.998639 
361.000000 -0.351972 
362.000000 0.282844 
363.000000 -0.270505 
364.000000 0.322509 
365.000000 -0.101309 
366.000000 -0.100023 
367.000000 -0.195144 
368.000000 0.163049 
369.000000 0.131698 
370.000000 -2.377051 
371.000000 2.185541 
372.000000 0.296502 
373.000000 -0.179078 
374.000000 -1.093520 
375.000000 0.371308 
376.000000 0.669635 
377.000000 -1.272811 
378.000000 1.384850 
379.000000 -0.263703 
380.000000 -0.098955 
381.000000 0.272756 
382.000000 -0.339565 
383.000000 0.105224 
384.000000 0.491020 
385.000000 -0.614539 
386.000000 -0.065102 
387.000000 0.447196 
388.000000 -0.552235 
389.000000 0.948554 
390.000000 -0.384317 
391.000000 -0.108665 
392.000000 0.185286 
393.000000 -0.108472 
394.000000 0.899289 
395.000000 -2.007466 
396.000000 1.147428 
397.000000 0.162081 
398.000000 0.085108 
399.000000 -0.153433 
400.000000 -0.314156 
401.000000 0.219327 
402.000000 -0.288808 
403.000000 0.277941 
404.000000 -0.213800 
405.000000 0.381556 
406.000000 -0.303692 
407.000000 -0.114877 
408.000000 0.359205 
409.000000 -0.712918 
410.000000 -0.547949 
411.000000 0.738125 
412.000000 -1.619676 
413.000000 1.062100 
414.000000 -0.751508 
415.000000 1.568510 
416.000000 0.129317 
417.000000 -0.223185 
418.000000 0.386302 
419.000000 -0.286520 
420.000000 0.028110 
421.000000 -0.190729 
422.000000 -0.635937 
423.000000 -1.020304 
424.000000 1.990583 
425.000000 -0.016762 
426.000000 -0.454456 
427.000000 0.144505 
428.000000 -0.181594 
429.000000 -0.367926 
430.000000 0.665007 
431.000000 -0.080470 
432.000000 -0.117972 
433.000000 0.411987 
434.000000 -0.046159 
435.000000 -0.011016 
436.000000 -1.112162 
437.000000 0.501291 
438.000000 0.125081 
439.000000 -0.903793 
440.000000 0.811438 
441.000000 -1.841901 
442.000000 4.642559 
443.000000 -1.938071 
444.000000 0.315670 
445.000000 -0.239921 
446.000000 -0.791035 
447.000000 0.033018 
448.000000 -0.631473 
449.000000 0.457320 
450.000000 0.473994 
451.000000 0.164121 
452.000000 0.211928 
453.000000 -1.583781 
454.000000 -0.598867 
455.000000 -0.564764 
456.000000 -0.115638 
457.000000 -4.513295 
458.000000 4.258269 
459.000000 3.149326 
460.000000 -3.847036 
461.000000 4.615060 
462.000000 -0.267995 
463.000000 -0.588213 
464.000000 0.297667 
465.000000 -1.473979 
466.000000 0.479323 
467.000000 0.522425 
468.000000 0.470205 
469.000000 -1.205296 
470.000000 0.818834 
471.000000 -0.341342 
472.000000 0.239150 
473.000000 -0.030434 
474.000000 0.053232 
475.000000 0.130282 
476.000000 -0.104534 
477.000000 -0.240663 
478.000000 -0.191318 
479.000000 -0.255384 
480.000000 0.471183 
481.000000 -1.024497 
482.000000 1.341292 
483.000000 -0.194818 
484.000000 0.066473 
485.000000 -0.012187 
486.000000 0.140447 
487.000000 -0.775857 
488.000000 0.830058 
489.000000 -0.641562 
490.000000 0.070913 
491.000000 0.356885 
492.000000 0.308901 
493.000000 -0.648657 
494.000000 0.263193 
495.000000 -0.985977 
496.000000 -0.305355 
497.000000 0.359854 
498.000000 0.963645 
499.000000 -0.222482 
500.000000 0.288632 
